  -5.7832191305199995E-002   101324.56033588519     
  -5.3527095614249995E-002   101324.56890014619     
  -4.9311869961699999E-002   101324.57635830723     
  -4.5240973710499996E-002   101324.60205079468     
  -4.1361333883799999E-002   101324.62870157254     
  -3.7710503565300001E-002   101324.67000887975     
  -3.4315733500950005E-002   101324.70980309480     
  -3.1193927278800000E-002   101324.74455510438     
  -2.8352338319100001E-002   101324.78251676395     
  -2.5789800709099999E-002   101324.80661546595     
  -2.3498267705300002E-002   101324.83679398547     
  -2.1464452053700001E-002   101324.85212125942     
  -1.9671406175299999E-002   101324.87437403732     
  -1.8099932807749998E-002   101324.88383716086     
  -1.6729766500499999E-002   101324.89901927061     
  -1.5540506785150000E-002   101324.90499699529     
  -1.4512312480000001E-002   101324.91505950740     
  -1.3626383974300001E-002   101324.91886435194     
  -1.2865268588500000E-002   101324.92554920907     
  -1.2213025827200000E-002   101324.92788555108     
  -1.1655286956250000E-002   101324.93237551641     
  -1.1179238778700000E-002   101324.93384763453     
  -1.0773556127249999E-002   101324.93695509242     
  -1.0428302297800000E-002   101324.93782861187     
  -1.0134811898700000E-002   101324.94010703449     
  -9.9009900990100000E-003   101324.94063325097     
  -9.7029702970299996E-003   101324.94206536039     
  -9.5049504950499991E-003   101324.94255844213     
  -9.3069306930700004E-003   101324.94373584691     
  -9.1089108910900000E-003   101324.94426687412     
  -8.9108910891099995E-003   101324.94549276892     
  -8.7128712871300008E-003   101324.94600497668     
  -8.5148514851500004E-003   101324.94709271599     
  -8.3168316831700000E-003   101324.94757122824     
  -8.1188118811899995E-003   101324.94863239945     
  -7.9207920792099991E-003   101324.94909763736     
  -7.7227722772300004E-003   101324.95013150784     
  -7.5247524752499999E-003   101324.95057104510     
  -7.3267326732699995E-003   101324.95153739957     
  -7.1287128712899999E-003   101324.95196864125     
  -6.9306930693100004E-003   101324.95291836905     
  -6.7326732673299999E-003   101324.95333324450     
  -6.5346534653499995E-003   101324.95425146203     
  -6.3366336633699999E-003   101324.95464702540     
  -6.1386138613900004E-003   101324.95553308104     
  -5.9405940594099999E-003   101324.95590779422     
  -5.7425742574299995E-003   101324.95676019182     
  -5.5445544554499999E-003   101324.95711603045     
  -5.3465346534700003E-003   101324.95796731020     
  -5.1485148514899999E-003   101324.95833263411     
  -4.9504950495050000E-003   101324.95921761631     
  -4.7524752475200001E-003   101324.95956742650     
  -4.5544554455399996E-003   101324.96031009525     
  -4.3564356435600001E-003   101324.96064938381     
  -4.1584158415800005E-003   101324.96137598775     
  -3.9603960396000001E-003   101324.96173483401     
  -3.7623762376199996E-003   101324.96247577509     
  -3.5643564356400001E-003   101324.96284287325     
  -3.3663366336599996E-003   101324.96359032145     
  -3.1683168316800001E-003   101324.96395806008     
  -2.9702970296999996E-003   101324.96470694058     
  -2.7722772277200000E-003   101324.96507508591     
  -2.5742574257399996E-003   101324.96581763684     
  -2.3762376237600000E-003   101324.96618850301     
  -2.1782178217799996E-003   101324.96694733477     
  -1.9801980198000000E-003   101324.96732063504     
  -1.7821782178200000E-003   101324.96808390264     
  -1.5841584158400000E-003   101324.96845462643     
  -1.3861386138600000E-003   101324.96921732230     
  -1.1881188118800000E-003   101324.96958912193     
  -9.9009900990050005E-004   101324.97035725946     
  -7.9207920792099997E-004   101324.97073198309     
  -5.9405940594050004E-004   101324.97150689705     
  -3.9603960396000001E-004   101324.97188441824     
  -1.9801980198005001E-004   101324.97266492725     
   0.0000000000000000        101324.97304676769     
   1.9801980198005001E-004   101324.97384322752     
   3.9603960396000001E-004   101324.97422209990     
   5.9405940594050004E-004   101324.97501242819     
   7.9207920792099997E-004   101324.97539259473     
   9.9009900990050005E-004   101324.97618843777     
   1.1881188118800000E-003   101324.97657043641     
   1.3861386138600000E-003   101324.97736402425     
   1.5841584158400000E-003   101324.97774335326     
   1.7821782178200000E-003   101324.97853162549     
   1.9801980198000000E-003   101324.97891050662     
   2.1782178217799996E-003   101324.97969593453     
   2.3762376237600000E-003   101324.98007418677     
   2.5742574257399996E-003   101324.98085404161     
   2.7722772277200000E-003   101324.98123031245     
   2.9702970296999996E-003   101324.98200353551     
   3.1683168316800001E-003   101324.98237791435     
   3.3663366336599996E-003   101324.98314365657     
   3.5643564356400001E-003   101324.98351557589     
   3.7623762376199996E-003   101324.98427336691     
   3.9603960396000001E-003   101324.98464335215     
   4.1584158415800005E-003   101324.98539514802     
   4.3564356435600001E-003   101324.98576316494     
   4.5544554455399996E-003   101324.98650789606     
   4.7524752475200001E-003   101324.98687318446     
   4.9504950495050000E-003   101324.98761236218     
   5.1485148514899999E-003   101324.98797860133     
   5.3465346534700003E-003   101324.98871696256     
   5.5445544554499999E-003   101324.98908170032     
   5.7425742574299995E-003   101324.98981349962     
   5.9405940594099999E-003   101324.99017375600     
   6.1386138613900004E-003   101324.99090201850     
   6.3366336633699999E-003   101324.99126188272     
   6.5346534653499995E-003   101324.99199088628     
   6.7326732673299999E-003   101324.99235125948     
   6.9306930693100004E-003   101324.99308165470     
   7.1287128712899999E-003   101324.99344253080     
   7.3267326732699995E-003   101324.99417317664     
   7.5247524752499999E-003   101324.99453354916     
   7.7227722772300004E-003   101324.99526500351     
   7.9207920792099991E-003   101324.99562611524     
   8.1188118811899995E-003   101324.99635950624     
   8.3168316831700000E-003   101324.99672071519     
   8.5148514851500004E-003   101324.99745711991     
   8.7128712871300008E-003   101324.99782031924     
   8.9108910891099995E-003   101324.99856413742     
   9.1089108910900000E-003   101324.99893144386     
   9.3069306930700004E-003   101324.99968453098     
   9.5049504950499991E-003   101325.00005501714     
   9.7029702970299996E-003   101325.00081618472     
   9.9009900990100000E-003   101325.00119022380     
   1.0100264135500001E-002   101325.00196525970     
   1.0302228625850000E-002   101325.00235168409     
   1.0507084634250000E-002   101325.00315852211     
   1.0714870528099999E-002   101325.00356160311     
   1.0925625093549999E-002   101325.00440426166     
   1.1139387537250000E-002   101325.00482716456     
   1.1356197488000000E-002   101325.00571134090     
   1.1576094998550000E-002   101325.00615391033     
   1.1799120547000001E-002   101325.00707850978     
   1.2025315038249999E-002   101325.00754137550     
   1.2254719805249999E-002   101325.00851267789     
   1.2487376610350001E-002   101325.00899945696     
   1.2723327646350001E-002   101325.01002300372     
   1.2962615537350000E-002   101325.01053697099     
   1.3205283339799999E-002   101325.01161923297     
   1.3451374543049999E-002   101325.01216275315     
   1.3700933070100001E-002   101325.01330748951     
   1.3954003278049999E-002   101325.01388261106     
   1.4210629958249999E-002   101325.01509650539     
   1.4470858336600001E-002   101325.01570757541     
   1.4734734073600000E-002   101325.01699946553     
   1.5002303264200000E-002   101325.01765119212     
   1.5273612437400001E-002   101325.01903032974     
   1.5548708555849999E-002   101325.01972728480     
   1.5827639015199998E-002   101325.02120317513     
   1.6110451643300001E-002   101325.02194902622     
   1.6397194699200000E-002   101325.02353062313     
   1.6687916871900001E-002   101325.02433381509     
   1.6982667278950002E-002   101325.02603708033     
   1.7281495464950000E-002   101325.02690370323     
   1.7584451399650002E-002   101325.02873922790     
   1.7891585475950000E-002   101325.02967319697     
   1.8202948507650002E-002   101325.03165260427     
   1.8518591727000003E-002   101325.03266201046     
   1.8838566781949999E-002   101325.03480249700     
   1.9162925733199998E-002   101325.03589523898     
   1.9491721051050001E-002   101325.03820917719     
   1.9825005611949997E-002   101325.03939037360     
   2.0162832694699998E-002   101325.04189068283     
   2.0505255976550001E-002   101325.04316739079     
   2.0852329528899999E-002   101325.04586980991     
   2.1204107812700001E-002   101325.04725066031     
   2.1560645673750000E-002   101325.05017225226     
   2.1921998337400002E-002   101325.05166539595     
   2.2288221403250000E-002   101325.05482382984     
   2.2659370839350001E-002   101325.05643944767     
   2.3035502976050001E-002   101325.05985452788     
   2.3416674499700002E-002   101325.06160531014     
   2.3802942445950000E-002   101325.06530330711     
   2.4194364192450000E-002   101325.06721043804     
   2.4590997451649999E-002   101325.07121587591     
   2.4992900263000002E-002   101325.07328997050     
   2.5400130984599999E-002   101325.07760254202     
   2.5812748284900003E-002   101325.07992493807     
   2.6230811133599999E-002   101325.08454057881     
   2.6654378792499999E-002   101325.08715274037     
   2.7083510805750000E-002   101325.09206757972     
   2.7518266989650000E-002   101325.09500199759     
   2.7958707422300000E-002   101325.10024733732     
   2.8404892432700002E-002   101325.10353586897     
   2.8856882589150000E-002   101325.10914750669     
   2.9314738687599998E-002   101325.11281673405     
   2.9778521739499998E-002   101325.11883428901     
   3.0248292958949999E-002   101325.12291301579     
   3.0724113749649999E-002   101325.12938406449     
   3.1206045691299998E-002   101325.13389562850     
   3.1694150525499995E-002   101325.14086021463     
   3.2188490141049998E-002   101325.14581944518     
   3.2689126559199998E-002   101325.15330947949     
   3.3196121917900001E-002   101325.15872127241     
   3.3709538455799999E-002   101325.16675540833     
   3.4229438495749998E-002   101325.17261807962     
   3.4755884427700001E-002   101325.18120594289     
   3.5288938691199999E-002   101325.18751099164     
   3.5828663757249996E-002   101325.19665975023     
   3.6375122109749997E-002   101325.20341428698     
   3.6928376226250004E-002   101325.21314341336     
   3.7488488558250002E-002   101325.22037868985     
   3.8055521511050003E-002   101325.23072168196     
   3.8629537423050003E-002   101325.23849445445     
   3.9210598544150002E-002   101325.24950605366     
   3.9798767014049996E-002   101325.25788705458     
   4.0394104839749999E-002   101325.26963853448     
   4.0996673872550002E-002   101325.27869114620     
   4.1606535784449998E-002   101325.29125906192     
   4.2223752043950000E-002   101325.30102521225     
   4.2848383891399999E-002   101325.31447877655     
   4.3480492313749994E-002   101325.32498697321     
   4.4120138018650001E-002   101325.33938676488     
   4.4767381407900000E-002   101325.35067491814     
   4.5422282550550003E-002   101325.36606322328     
   4.6084901155400003E-002   101325.37816235285     
   4.6755296542699998E-002   101325.39455893624     
   4.7433527615500001E-002   101325.40749191407     
   4.8119652830449999E-002   101325.42486607120     
   4.8813730167750001E-002   101325.43857847115     
   4.9515817100849999E-002   101325.45680635869     
   5.0225970565599999E-002   101325.47111395551     
   5.0944246928600001E-002   101325.48984497745     
   5.1670701955150000E-002   101325.50487897228     
   5.2405390776650004E-002   101325.52365102334     
   5.3148367857500003E-002   101325.53944777831     
   5.3899686961449998E-002   101325.55792772202     
   5.4659401117450004E-002   101325.57434389131     
   5.5427562584900003E-002   101325.59225855341     
   5.6204222818500002E-002   101325.60873159383     
   5.6989432432700000E-002   101325.62642940813     
   5.7783241165399998E-002   101325.64248537515     
   5.8585697841449999E-002   101325.65959554794     
   5.9396850335699997E-002   101325.67544879514     
   6.0216745535400004E-002   101325.69202178510     
   6.1045429302350004E-002   101325.70738406047     
   6.1882946434649998E-002   101325.72327424875     
   6.2729340627999994E-002   101325.73782573685     
   6.3584654436800003E-002   101325.75280216687     
   6.4448929234599994E-002   101325.76661094524     
   6.5322205174549994E-002   101325.78038777130     
   6.6204521149300005E-002   101325.79323082014     
   6.7095914750749996E-002   101325.80551770450     
   6.7996422229649994E-002   101325.81708802076     
   6.8906078454749997E-002   101325.82736785988     
   6.9824916871749992E-002   101325.83701590092     
   7.0752969462199999E-002   101325.84500504588     
   7.1690266702350000E-002   101325.85242607386     
   7.2636837521599995E-002   101325.85782723266     
   7.3592709261000006E-002   101325.86174288423     
   7.4557907631700004E-002   101325.86467734797     
   7.5532456673299997E-002   101325.86552780848     
   7.6516378712349994E-002   101325.86499724333     
   7.7509694320750000E-002   101325.86255415199     
   7.8512422274100005E-002   101325.85942198976     
   7.9524579510600005E-002   101325.85337775841     
   8.0546181089600002E-002   101325.84696438185     
   8.1577240150600000E-002   101325.83762449170     
   8.2617767872399994E-002   101325.82784555099     
   8.3667773432500009E-002   101325.81545325699     
   8.4727263966900002E-002   101325.80269474127     
   8.5796244530000010E-002   101325.78778677112     
   8.6874718055300004E-002   101325.77284604278     
   8.7962685316000003E-002   101325.75600554011     
   8.9060144886450004E-002   101325.73939824445     
   9.0167093104049995E-002   101325.72109667606     
   9.1283524031500002E-002   101325.70339595040     
   9.2409429419999994E-002   101325.68363682626     
   9.3544798672849996E-002   101325.66429209188     
   9.4689618809700005E-002   101325.64286903771     
   9.5843874431800008E-002   101325.62149743554     
   9.7007547687800011E-002   101325.59796323715     
   9.8180618240450004E-002   101325.57491210155     
   9.9363063234349999E-002   101325.54997652138     
  0.10055485726464999        101325.52627121609     
  0.10175597234549999        101325.50062358163     
  0.10296637788250000        101325.47718321421     
  0.10418604064350001        101325.45195423866     
  0.10541492472950001        101325.42946716644     
  0.10665299155200000        101325.40544761730     
  0.10790019980599999        101325.38417270708     
  0.10915650544650000        101325.36162145909     
  0.11042186166750001        101325.34168725325     
  0.11169621888000000        101325.32109864024     
  0.11297952469250000        101325.30282248538     
  0.11427172389350000        101325.28370467253     
  0.11557275843549999        101325.26688963202     
  0.11688256741950001        101325.24917815781     
  0.11820108708099999        101325.23406062725     
  0.11952825077900001        101325.21775892978     
  0.12086398898700000        101325.20416122134     
  0.12220822928300000        101325.18971600151     
  0.12356089634299999        101325.17809839443     
  0.12492191193749999        101325.16554699681     
  0.12629119492849999        101325.15629330381     
  0.12766866126699999        101325.14632087488     
  0.12905422399450001        101325.13967400874     
  0.13044779324700001        101325.13197337765     
  0.13184927625850001        101325.12761810300     
  0.13325857736700000        101325.12146790538     
  0.13467559802500001        101325.11813671734     
  0.13610023680950001        101325.11264921162     
  0.13753238943450000        101325.10983467668     
  0.13897194876600000        101325.10395933120     
  0.14041880483999999        101325.10077433662     
  0.14187284488050000        101325.09451182467     
  0.14333395332050000        101325.09066032224     
  0.14480201182649999        101325.08335789479     
  0.14627689932400001        101325.07871517894     
  0.14775849202399999        101325.06988752256     
  0.14924666345300000        101325.06447255822     
  0.15074128448649998        101325.05389528106     
  0.15224222338150001        101325.04728015891     
  0.15374934581350000        101325.03520675501     
  0.15526251491449999        101325.02774551111     
  0.15678159131399999        101325.01439197727     
  0.15830643318100002        101325.00640151884     
  0.15983689626949998        101324.99238216577     
  0.16137283396450000        101324.98427809993     
  0.16291409733099999        101324.96840449434     
  0.16446053516549999        101324.95998039056     
  0.16601199404700001        101324.94444300313     
  0.16756831839399999        101324.93573953529     
  0.16912935052049999        101324.91960616950     
  0.17069493069399999        101324.91000205054     
  0.17226489719599999        101324.89360716968     
  0.17383908638449999        101324.88517290032     
  0.17541733275849999        101324.86948048483     
  0.17699946902300001        101324.86306518977     
  0.17858532615650000        101324.85025023240     
  0.18017473348000002        101324.84533789367     
  0.18176751872800001        101324.83623173986     
  0.18336350812000002        101324.83418635315     
  0.18496252643350000        101324.82932604174     
  0.18656439707950001        101324.83020140752     
  0.18816894217850000        101324.83071559470     
  0.18977598263849998        101324.83561281003     
  0.19138533823150000        101324.83838306666     
  0.19299682767449999        101324.84668819666     
  0.19461026871100001        101324.85197165248     
  0.19622547819050001        101324.86414683302     
  0.19784227215150002        101324.87140611697     
  0.19946046590600000        101324.88606424646     
  0.20107987412250000        101324.89611264283     
  0.20270031090950000        101324.91398523508     
  0.20432158990200000        101324.92551915559     
  0.20594352434700000        101324.94863274723     
  0.20756592718900002        101324.96128776566     
  0.20918861115550000        101324.98841731783     
