101 51
-1.5 0.0
-1.4696969697 2.20738605335e-25
-1.43939393939 1.99986702434e-24
-1.40909090909 1.73054894003e-23
-1.37878787879 1.43029820332e-22
-1.34848484848 1.12909176957e-21
-1.31818181818 8.51318029963e-21
-1.28787878788 6.13076066366e-20
-1.25757575758 4.2169342947e-19
-1.22727272727 2.77037938792e-18
-1.19696969697 1.73836753065e-17
-1.16666666667 1.04184688368e-16
-1.13636363636 5.9638420606e-16
-1.10606060606 3.26068098834e-15
-1.07575757576 1.70274820112e-14
-1.04545454545 8.49283115735e-14
-1.01515151515 4.04589391558e-13
-0.984848484848 1.84092643277e-12
-0.954545454545 8.00052187442e-12
-0.924242424242 3.32093321225e-11
-0.893939393939 1.31662442412e-10
-0.863636363636 4.98567097336e-10
-0.833333333333 1.80320566078e-09
-0.80303030303 6.22912220677e-09
-0.772727272727 2.05526762641e-08
-0.742424242424 6.47693968666e-08
-0.712121212121 1.94953602798e-07
-0.681818181818 5.60470319928e-07
-0.651515151515 1.53898332429e-06
-0.621212121212 4.03622297381e-06
-0.590909090909 1.01105859897e-05
-0.560606060606 2.41900878436e-05
-0.530303030303 5.52787870347e-05
-0.5 0.000120653383514
-0.469696969697 0.000251524588501
-0.439393939394 0.000500819614985
-0.409090909091 0.000952449929537
-0.378787878788 0.00173006698745
-0.348484848485 0.00300153647579
-0.318181818182 0.00497375367285
-0.287878787879 0.00787199593985
-0.257575757576 0.0118999569739
-0.227272727273 0.0171816893261
-0.19696969697 0.0236944304552
-0.166666666667 0.0312094867875
-0.136363636364 0.0392633111253
-0.106060606061 0.047178828951
-0.0757575757576 0.0541461190017
-0.0454545454545 0.0593536526968
-0.0151515151515 0.0621423267201
0.0151515151515 0.0621423267201
0.0454545454545 0.0593536526968
0.0757575757576 0.0541461190017
0.106060606061 0.047178828951
0.136363636364 0.0392633111253
0.166666666667 0.0312094867875
0.19696969697 0.0236944304552
0.227272727273 0.0171816893261
0.257575757576 0.0118999569739
0.287878787879 0.00787199593985
0.318181818182 0.00497375367285
0.348484848485 0.00300153647578
0.378787878788 0.00173006698745
0.409090909091 0.000952449929537
0.439393939394 0.000500819614985
0.469696969697 0.000251524588501
0.5 0.000120653383514
0.530303030303 5.52787870347e-05
0.560606060606 2.41900878436e-05
0.590909090909 1.01105859897e-05
0.621212121212 4.03622297381e-06
0.651515151515 1.53898332429e-06
0.681818181818 5.60470319928e-07
0.712121212121 1.94953602798e-07
0.742424242424 6.47693968666e-08
0.772727272727 2.05526762641e-08
0.80303030303 6.22912220677e-09
0.833333333333 1.80320566078e-09
0.863636363636 4.98567097336e-10
0.893939393939 1.31662442412e-10
0.924242424242 3.32093321225e-11
0.954545454545 8.00052187442e-12
0.984848484848 1.84092643277e-12
1.01515151515 4.04589391558e-13
1.04545454545 8.49283115735e-14
1.07575757576 1.70274820112e-14
1.10606060606 3.26068098834e-15
1.13636363636 5.9638420606e-16
1.16666666667 1.04184688368e-16
1.19696969697 1.73836753065e-17
1.22727272727 2.77037938792e-18
1.25757575758 4.2169342947e-19
1.28787878788 6.13076066366e-20
1.31818181818 8.51318029963e-21
1.34848484848 1.12909176957e-21
1.37878787879 1.43029820332e-22
1.40909090909 1.73054894003e-23
1.43939393939 1.99986702434e-24
1.4696969697 2.20738605335e-25
1.5 2.32710195109e-26
1.5 0.0
-1.5 0.016
-1.47 0.016
-1.44 0.016
-1.41 0.016
-1.38 0.016
-1.35 0.016
-1.32 0.016
-1.29 0.016
-1.26 0.016
-1.23 0.016
-1.2 0.016
-1.17 0.016
-1.14 0.016
-1.11 0.016
-1.08 0.016
-1.05 0.0160000000001
-1.02 0.0160000000004
-0.99 0.0160000000018
-0.96 0.0160000000078
-0.93 0.0160000000325
-0.9 0.016000000129
-0.87 0.0160000004886
-0.84 0.0160000017671
-0.81 0.0160000061045
-0.78 0.0160000201416
-0.75 0.016000063474
-0.72 0.0160001910545
-0.69 0.0160005492609
-0.66 0.0160015082037
-0.63 0.0160039554985
-0.6 0.0160099083743
-0.57 0.0160237062861
-0.54 0.0160541732113
-0.51 0.0161182403158
-0.48 0.0162464940967
-0.45 0.0164908032227
-0.42 0.0169334009309
-0.39 0.0176954656477
-0.36 0.0189415057463
-0.33 0.0208742785994
-0.3 0.0237145560211
-0.27 0.0276619578344
-0.24 0.0328380555396
-0.21 0.0392205418461
-0.18 0.0465852970517
-0.15 0.0544780449028
-0.12 0.062235252372
-0.09 0.0690631966216
-0.06 0.0741665796429
-0.03 0.0768994801857
0.0 0.0768994801857
0.03 0.0741665796429
0.06 0.0690631966216
0.09 0.062235252372
0.12 0.0544780449028
0.15 0.0465852970517
0.18 0.0392205418461
0.21 0.0328380555396
0.24 0.0276619578344
0.27 0.0237145560211
0.3 0.0208742785994
0.33 0.0189415057463
0.36 0.0176954656477
0.39 0.0169334009309
0.42 0.0164908032227
0.45 0.0162464940967
0.48 0.0161182403158
0.51 0.0160541732113
0.54 0.0160237062861
0.57 0.0160099083743
0.6 0.0160039554985
0.63 0.0160015082037
0.66 0.0160005492609
0.69 0.0160001910545
0.72 0.016000063474
0.75 0.0160000201416
0.78 0.0160000061045
0.81 0.0160000017671
0.84 0.0160000004886
0.87 0.016000000129
0.9 0.0160000000325
0.93 0.0160000000078
0.96 0.0160000000018
0.99 0.0160000000004
1.02 0.0160000000001
1.05 0.016
1.08 0.016
1.11 0.016
1.14 0.016
1.17 0.016
1.2 0.016
1.23 0.016
1.26 0.016
1.29 0.016
1.32 0.016
1.35 0.016
1.38 0.016
1.41 0.016
1.44 0.016
1.47 0.016
1.5 0.016
-1.5 0.032
-1.47 0.032
-1.44 0.032
-1.41 0.032
-1.38 0.032
-1.35 0.032
-1.32 0.032
-1.29 0.032
-1.26 0.032
-1.23 0.032
-1.2 0.032
-1.17 0.032
-1.14 0.032
-1.11 0.032
-1.08 0.032
-1.05 0.0320000000001
-1.02 0.0320000000004
-0.99 0.0320000000018
-0.96 0.0320000000077
-0.93 0.0320000000319
-0.9 0.0320000001264
-0.87 0.0320000004786
-0.84 0.0320000017311
-0.81 0.03200000598
-0.78 0.0320000197306
-0.75 0.0320000621786
-0.72 0.0320001871555
-0.69 0.0320005380515
-0.66 0.032001477424
-0.63 0.0320038747741
-0.6 0.0320097061626
-0.57 0.0320232224843
-0.54 0.0320530676356
-0.51 0.0321158272482
-0.48 0.032241463605
-0.45 0.0324807868304
-0.42 0.0329143519324
-0.39 0.0336608643079
-0.36 0.0348814750168
-0.33 0.0367748035259
-0.3 0.0395571161023
-0.27 0.043423958695
-0.24 0.048494421753
-0.21 0.054746653237
-0.18 0.061961107316
-0.15 0.0696927786803
-0.12 0.077291675793
-0.09 0.0839802742416
-0.06 0.088979506589
-0.03 0.0916566336513
0.0 0.0916566336513
0.03 0.088979506589
0.06 0.0839802742416
0.09 0.077291675793
0.12 0.0696927786803
0.15 0.061961107316
0.18 0.054746653237
0.21 0.048494421753
0.24 0.043423958695
0.27 0.0395571161023
0.3 0.0367748035259
0.33 0.0348814750168
0.36 0.0336608643079
0.39 0.0329143519324
0.42 0.0324807868304
0.45 0.032241463605
0.48 0.0321158272482
0.51 0.0320530676356
0.54 0.0320232224843
0.57 0.0320097061626
0.6 0.0320038747741
0.63 0.032001477424
0.66 0.0320005380515
0.69 0.0320001871555
0.72 0.0320000621786
0.75 0.0320000197306
0.78 0.03200000598
0.81 0.0320000017311
0.84 0.0320000004786
0.87 0.0320000001264
0.9 0.0320000000319
0.93 0.0320000000077
0.96 0.0320000000018
0.99 0.0320000000004
1.02 0.0320000000001
1.05 0.032
1.08 0.032
1.11 0.032
1.14 0.032
1.17 0.032
1.2 0.032
1.23 0.032
1.26 0.032
1.29 0.032
1.32 0.032
1.35 0.032
1.38 0.032
1.41 0.032
1.44 0.032
1.47 0.032
1.5 0.032
-1.5 0.048
-1.47 0.048
-1.44 0.048
-1.41 0.048
-1.38 0.048
-1.35 0.048
-1.32 0.048
-1.29 0.048
-1.26 0.048
-1.23 0.048
-1.2 0.048
-1.17 0.048
-1.14 0.048
-1.11 0.048
-1.08 0.048
-1.05 0.0480000000001
-1.02 0.0480000000004
-0.99 0.0480000000017
-0.96 0.0480000000075
-0.93 0.0480000000312
-0.9 0.0480000001238
-0.87 0.0480000004687
-0.84 0.048000001695
-0.81 0.0480000058554
-0.78 0.0480000193195
-0.75 0.0480000608832
-0.72 0.0480001832564
-0.69 0.0480005268421
-0.66 0.0480014466443
-0.63 0.0480037940496
-0.6 0.0480095039508
-0.57 0.0480227386826
-0.54 0.0480519620598
-0.51 0.0481134141805
-0.48 0.0482364331132
-0.45 0.0484707704381
-0.42 0.0488953029338
-0.39 0.0496262629682
-0.36 0.0508214442872
-0.33 0.0526753284525
-0.3 0.0553996761835
-0.27 0.0591859595555
-0.24 0.0641507879665
-0.21 0.0702727646279
-0.18 0.0773369175802
-0.15 0.0849075124578
-0.12 0.0923480992139
-0.09 0.0988973518616
-0.06 0.103792433535
-0.03 0.106413787117
0.0 0.106413787117
0.03 0.103792433535
0.06 0.0988973518616
0.09 0.0923480992139
0.12 0.0849075124578
0.15 0.0773369175802
0.18 0.0702727646279
0.21 0.0641507879665
0.24 0.0591859595555
0.27 0.0553996761835
0.3 0.0526753284525
0.33 0.0508214442872
0.36 0.0496262629682
0.39 0.0488953029338
0.42 0.0484707704381
0.45 0.0482364331132
0.48 0.0481134141805
0.51 0.0480519620598
0.54 0.0480227386826
0.57 0.0480095039508
0.6 0.0480037940496
0.63 0.0480014466443
0.66 0.0480005268421
0.69 0.0480001832564
0.72 0.0480000608832
0.75 0.0480000193195
0.78 0.0480000058554
0.81 0.048000001695
0.84 0.0480000004687
0.87 0.0480000001238
0.9 0.0480000000312
0.93 0.0480000000075
0.96 0.0480000000017
0.99 0.0480000000004
1.02 0.0480000000001
1.05 0.048
1.08 0.048
1.11 0.048
1.14 0.048
1.17 0.048
1.2 0.048
1.23 0.048
1.26 0.048
1.29 0.048
1.32 0.048
1.35 0.048
1.38 0.048
1.41 0.048
1.44 0.048
1.47 0.048
1.5 0.048
-1.5 0.064
-1.47 0.064
-1.44 0.064
-1.41 0.064
-1.38 0.064
-1.35 0.064
-1.32 0.064
-1.29 0.064
-1.26 0.064
-1.23 0.064
-1.2 0.064
-1.17 0.064
-1.14 0.064
-1.11 0.064
-1.08 0.064
-1.05 0.0640000000001
-1.02 0.0640000000004
-0.99 0.0640000000017
-0.96 0.0640000000074
-0.93 0.0640000000306
-0.9 0.0640000001211
-0.87 0.0640000004587
-0.84 0.0640000016589
-0.81 0.0640000057308
-0.78 0.0640000189085
-0.75 0.0640000595878
-0.72 0.0640001793573
-0.69 0.0640005156327
-0.66 0.0640014158647
-0.63 0.0640037133251
-0.6 0.0640093017391
-0.57 0.0640222548808
-0.54 0.0640508564841
-0.51 0.0641110011128
-0.48 0.0642314026214
-0.45 0.0644607540458
-0.42 0.0648762539352
-0.39 0.0655916616284
-0.36 0.0667614135577
-0.33 0.068575853379
-0.3 0.0712422362647
-0.27 0.074947960416
-0.24 0.07980715418
-0.21 0.0857988760188
-0.18 0.0927127278445
-0.15 0.100122246235
-0.12 0.107404522635
-0.09 0.113814429482
-0.06 0.118605360481
-0.03 0.121170940582
0.0 0.121170940582
0.03 0.118605360481
0.06 0.113814429482
0.09 0.107404522635
0.12 0.100122246235
0.15 0.0927127278445
0.18 0.0857988760188
0.21 0.07980715418
0.24 0.074947960416
0.27 0.0712422362647
0.3 0.068575853379
0.33 0.0667614135577
0.36 0.0655916616284
0.39 0.0648762539352
0.42 0.0644607540458
0.45 0.0642314026214
0.48 0.0641110011128
0.51 0.0640508564841
0.54 0.0640222548808
0.57 0.0640093017391
0.6 0.0640037133251
0.63 0.0640014158647
0.66 0.0640005156327
0.69 0.0640001793573
0.72 0.0640000595878
0.75 0.0640000189085
0.78 0.0640000057308
0.81 0.0640000016589
0.84 0.0640000004587
0.87 0.0640000001211
0.9 0.0640000000306
0.93 0.0640000000074
0.96 0.0640000000017
0.99 0.0640000000004
1.02 0.0640000000001
1.05 0.064
1.08 0.064
1.11 0.064
1.14 0.064
1.17 0.064
1.2 0.064
1.23 0.064
1.26 0.064
1.29 0.064
1.32 0.064
1.35 0.064
1.38 0.064
1.41 0.064
1.44 0.064
1.47 0.064
1.5 0.064
-1.5 0.08
-1.47 0.08
-1.44 0.08
-1.41 0.08
-1.38 0.08
-1.35 0.08
-1.32 0.08
-1.29 0.08
-1.26 0.08
-1.23 0.08
-1.2 0.08
-1.17 0.08
-1.14 0.08
-1.11 0.08
-1.08 0.08
-1.05 0.0800000000001
-1.02 0.0800000000004
-0.99 0.0800000000017
-0.96 0.0800000000072
-0.93 0.0800000000299
-0.9 0.0800000001185
-0.87 0.0800000004487
-0.84 0.0800000016229
-0.81 0.0800000056062
-0.78 0.0800000184974
-0.75 0.0800000582925
-0.72 0.0800001754582
-0.69 0.0800005044233
-0.66 0.080001385085
-0.63 0.0800036326007
-0.6 0.0800090995274
-0.57 0.0800217710791
-0.54 0.0800497509083
-0.51 0.0801085880452
-0.48 0.0802263721297
-0.45 0.0804507376535
-0.42 0.0808572049366
-0.39 0.0815570602887
-0.36 0.0827013828282
-0.33 0.0844763783056
-0.3 0.0870847963459
-0.27 0.0907099612765
-0.24 0.0954635203935
-0.21 0.10132498741
-0.18 0.108088538109
-0.15 0.115336980013
-0.12 0.122460946056
-0.09 0.128731507101
-0.06 0.133418287427
-0.03 0.135928094048
0.0 0.135928094048
0.03 0.133418287427
0.06 0.128731507101
0.09 0.122460946056
0.12 0.115336980013
0.15 0.108088538109
0.18 0.10132498741
0.21 0.0954635203935
0.24 0.0907099612765
0.27 0.0870847963459
0.3 0.0844763783056
0.33 0.0827013828282
0.36 0.0815570602887
0.39 0.0808572049366
0.42 0.0804507376535
0.45 0.0802263721297
0.48 0.0801085880452
0.51 0.0800497509083
0.54 0.0800217710791
0.57 0.0800090995274
0.6 0.0800036326007
0.63 0.080001385085
0.66 0.0800005044233
0.69 0.0800001754582
0.72 0.0800000582925
0.75 0.0800000184974
0.78 0.0800000056062
0.81 0.0800000016229
0.84 0.0800000004487
0.87 0.0800000001185
0.9 0.0800000000299
0.93 0.0800000000072
0.96 0.0800000000017
0.99 0.0800000000004
1.02 0.0800000000001
1.05 0.08
1.08 0.08
1.11 0.08
1.14 0.08
1.17 0.08
1.2 0.08
1.23 0.08
1.26 0.08
1.29 0.08
1.32 0.08
1.35 0.08
1.38 0.08
1.41 0.08
1.44 0.08
1.47 0.08
1.5 0.08
-1.5 0.096
-1.47 0.096
-1.44 0.096
-1.41 0.096
-1.38 0.096
-1.35 0.096
-1.32 0.096
-1.29 0.096
-1.26 0.096
-1.23 0.096
-1.2 0.096
-1.17 0.096
-1.14 0.096
-1.11 0.096
-1.08 0.096
-1.05 0.0960000000001
-1.02 0.0960000000004
-0.99 0.0960000000016
-0.96 0.096000000007
-0.93 0.0960000000292
-0.9 0.0960000001159
-0.87 0.0960000004387
-0.84 0.0960000015868
-0.81 0.0960000054816
-0.78 0.0960000180864
-0.75 0.0960000569971
-0.72 0.0960001715592
-0.69 0.0960004932139
-0.66 0.0960013543053
-0.63 0.0960035518762
-0.6 0.0960088973157
-0.57 0.0960212872773
-0.54 0.0960486453326
-0.51 0.0961061749775
-0.48 0.0962213416379
-0.45 0.0964407212612
-0.42 0.096838155938
-0.39 0.097522458949
-0.36 0.0986413520987
-0.33 0.100376903232
-0.3 0.102927356427
-0.27 0.106471962137
-0.24 0.111119886607
-0.21 0.116851098801
-0.18 0.123464348373
-0.15 0.13055171379
-0.12 0.137517369477
-0.09 0.143648584721
-0.06 0.148231214373
-0.03 0.150685247514
0.0 0.150685247514
0.03 0.148231214373
0.06 0.143648584721
0.09 0.137517369477
0.12 0.13055171379
0.15 0.123464348373
0.18 0.116851098801
0.21 0.111119886607
0.24 0.106471962137
0.27 0.102927356427
0.3 0.100376903232
0.33 0.0986413520987
0.36 0.097522458949
0.39 0.096838155938
0.42 0.0964407212612
0.45 0.0962213416379
0.48 0.0961061749775
0.51 0.0960486453326
0.54 0.0960212872773
0.57 0.0960088973157
0.6 0.0960035518762
0.63 0.0960013543053
0.66 0.0960004932139
0.69 0.0960001715592
0.72 0.0960000569971
0.75 0.0960000180864
0.78 0.0960000054816
0.81 0.0960000015868
0.84 0.0960000004387
0.87 0.0960000001159
0.9 0.0960000000292
0.93 0.096000000007
0.96 0.0960000000016
0.99 0.0960000000004
1.02 0.0960000000001
1.05 0.096
1.08 0.096
1.11 0.096
1.14 0.096
1.17 0.096
1.2 0.096
1.23 0.096
1.26 0.096
1.29 0.096
1.32 0.096
1.35 0.096
1.38 0.096
1.41 0.096
1.44 0.096
1.47 0.096
1.5 0.096
-1.5 0.112
-1.47 0.112
-1.44 0.112
-1.41 0.112
-1.38 0.112
-1.35 0.112
-1.32 0.112
-1.29 0.112
-1.26 0.112
-1.23 0.112
-1.2 0.112
-1.17 0.112
-1.14 0.112
-1.11 0.112
-1.08 0.112
-1.05 0.112
-1.02 0.112
-0.99 0.112000000002
-0.96 0.112000000007
-0.93 0.112000000029
-0.9 0.112000000113
-0.87 0.112000000429
-0.84 0.112000001551
-0.81 0.112000005357
-0.78 0.112000017675
-0.75 0.112000055702
-0.72 0.11200016766
-0.69 0.112000482004
-0.66 0.112001323526
-0.63 0.112003471152
-0.6 0.112008695104
-0.57 0.112020803476
-0.54 0.112047539757
-0.51 0.11210376191
-0.48 0.112216311146
-0.45 0.112430704869
-0.42 0.112819106939
-0.39 0.113487857609
-0.36 0.114581321369
-0.33 0.116277428159
-0.3 0.118769916508
-0.27 0.122233962998
-0.24 0.12677625282
-0.21 0.132377210191
-0.18 0.138840158637
-0.15 0.145766447568
-0.12 0.152573792898
-0.09 0.158565662341
-0.06 0.163044141319
-0.03 0.165442400979
0.0 0.165442400979
0.03 0.163044141319
0.06 0.158565662341
0.09 0.152573792898
0.12 0.145766447568
0.15 0.138840158637
0.18 0.132377210191
0.21 0.12677625282
0.24 0.122233962998
0.27 0.118769916508
0.3 0.116277428159
0.33 0.114581321369
0.36 0.113487857609
0.39 0.112819106939
0.42 0.112430704869
0.45 0.112216311146
0.48 0.11210376191
0.51 0.112047539757
0.54 0.112020803476
0.57 0.112008695104
0.6 0.112003471152
0.63 0.112001323526
0.66 0.112000482004
0.69 0.11200016766
0.72 0.112000055702
0.75 0.112000017675
0.78 0.112000005357
0.81 0.112000001551
0.84 0.112000000429
0.87 0.112000000113
0.9 0.112000000029
0.93 0.112000000007
0.96 0.112000000002
0.99 0.112
1.02 0.112
1.05 0.112
1.08 0.112
1.11 0.112
1.14 0.112
1.17 0.112
1.2 0.112
1.23 0.112
1.26 0.112
1.29 0.112
1.32 0.112
1.35 0.112
1.38 0.112
1.41 0.112
1.44 0.112
1.47 0.112
1.5 0.112
-1.5 0.128
-1.47 0.128
-1.44 0.128
-1.41 0.128
-1.38 0.128
-1.35 0.128
-1.32 0.128
-1.29 0.128
-1.26 0.128
-1.23 0.128
-1.2 0.128
-1.17 0.128
-1.14 0.128
-1.11 0.128
-1.08 0.128
-1.05 0.128
-1.02 0.128
-0.99 0.128000000002
-0.96 0.128000000007
-0.93 0.128000000028
-0.9 0.128000000111
-0.87 0.128000000419
-0.84 0.128000001515
-0.81 0.128000005232
-0.78 0.128000017264
-0.75 0.128000054406
-0.72 0.128000163761
-0.69 0.128000470795
-0.66 0.128001292746
-0.63 0.128003390427
-0.6 0.128008492892
-0.57 0.128020319674
-0.54 0.128046434181
-0.51 0.128101348842
-0.48 0.128211280654
-0.45 0.128420688477
-0.42 0.128800057941
-0.39 0.129453256269
-0.36 0.13052129064
-0.33 0.132177953085
-0.3 0.134612476589
-0.27 0.137995963858
-0.24 0.142432619034
-0.21 0.147903321582
-0.18 0.154215968901
-0.15 0.160981181345
-0.12 0.167630216319
-0.09 0.173482739961
-0.06 0.177857068265
-0.03 0.180199554445
0.0 0.180199554445
0.03 0.177857068265
0.06 0.173482739961
0.09 0.167630216319
0.12 0.160981181345
0.15 0.154215968901
0.18 0.147903321582
0.21 0.142432619034
0.24 0.137995963858
0.27 0.134612476589
0.3 0.132177953085
0.33 0.13052129064
0.36 0.129453256269
0.39 0.128800057941
0.42 0.128420688477
0.45 0.128211280654
0.48 0.128101348842
0.51 0.128046434181
0.54 0.128020319674
0.57 0.128008492892
0.6 0.128003390427
0.63 0.128001292746
0.66 0.128000470795
0.69 0.128000163761
0.72 0.128000054406
0.75 0.128000017264
0.78 0.128000005232
0.81 0.128000001515
0.84 0.128000000419
0.87 0.128000000111
0.9 0.128000000028
0.93 0.128000000007
0.96 0.128000000002
0.99 0.128
1.02 0.128
1.05 0.128
1.08 0.128
1.11 0.128
1.14 0.128
1.17 0.128
1.2 0.128
1.23 0.128
1.26 0.128
1.29 0.128
1.32 0.128
1.35 0.128
1.38 0.128
1.41 0.128
1.44 0.128
1.47 0.128
1.5 0.128
-1.5 0.144
-1.47 0.144
-1.44 0.144
-1.41 0.144
-1.38 0.144
-1.35 0.144
-1.32 0.144
-1.29 0.144
-1.26 0.144
-1.23 0.144
-1.2 0.144
-1.17 0.144
-1.14 0.144
-1.11 0.144
-1.08 0.144
-1.05 0.144
-1.02 0.144
-0.99 0.144000000002
-0.96 0.144000000007
-0.93 0.144000000027
-0.9 0.144000000108
-0.87 0.144000000409
-0.84 0.144000001479
-0.81 0.144000005108
-0.78 0.144000016853
-0.75 0.144000053111
-0.72 0.144000159862
-0.69 0.144000459586
-0.66 0.144001261966
-0.63 0.144003309703
-0.6 0.144008290681
-0.57 0.144019835872
-0.54 0.144045328605
-0.51 0.144098935774
-0.48 0.144206250163
-0.45 0.144410672084
-0.42 0.144781008942
-0.39 0.14541865493
-0.36 0.14646125991
-0.33 0.148078478012
-0.3 0.150455036671
-0.27 0.153757964719
-0.24 0.158088985247
-0.21 0.163429432973
-0.18 0.169591779166
-0.15 0.176195915123
-0.12 0.18268663974
-0.09 0.188399817581
-0.06 0.192669995211
-0.03 0.19495670791
0.0 0.19495670791
0.03 0.192669995211
0.06 0.188399817581
0.09 0.18268663974
0.12 0.176195915123
0.15 0.169591779166
0.18 0.163429432973
0.21 0.158088985247
0.24 0.153757964719
0.27 0.150455036671
0.3 0.148078478012
0.33 0.14646125991
0.36 0.14541865493
0.39 0.144781008942
0.42 0.144410672084
0.45 0.144206250163
0.48 0.144098935774
0.51 0.144045328605
0.54 0.144019835872
0.57 0.144008290681
0.6 0.144003309703
0.63 0.144001261966
0.66 0.144000459586
0.69 0.144000159862
0.72 0.144000053111
0.75 0.144000016853
0.78 0.144000005108
0.81 0.144000001479
0.84 0.144000000409
0.87 0.144000000108
0.9 0.144000000027
0.93 0.144000000007
0.96 0.144000000002
0.99 0.144
1.02 0.144
1.05 0.144
1.08 0.144
1.11 0.144
1.14 0.144
1.17 0.144
1.2 0.144
1.23 0.144
1.26 0.144
1.29 0.144
1.32 0.144
1.35 0.144
1.38 0.144
1.41 0.144
1.44 0.144
1.47 0.144
1.5 0.144
-1.5 0.16
-1.47 0.16
-1.44 0.16
-1.41 0.16
-1.38 0.16
-1.35 0.16
-1.32 0.16
-1.29 0.16
-1.26 0.16
-1.23 0.16
-1.2 0.16
-1.17 0.16
-1.14 0.16
-1.11 0.16
-1.08 0.16
-1.05 0.16
-1.02 0.16
-0.99 0.160000000001
-0.96 0.160000000006
-0.93 0.160000000027
-0.9 0.160000000105
-0.87 0.160000000399
-0.84 0.160000001443
-0.81 0.160000004983
-0.78 0.160000016442
-0.75 0.160000051816
-0.72 0.160000155963
-0.69 0.160000448376
-0.66 0.160001231187
-0.63 0.160003228978
-0.6 0.160008088469
-0.57 0.16001935207
-0.54 0.16004422303
-0.51 0.160096522707
-0.48 0.160201219671
-0.45 0.160400655692
-0.42 0.160761959944
-0.39 0.16138405359
-0.36 0.162401229181
-0.33 0.163979002938
-0.3 0.166297596752
-0.27 0.169519965579
-0.24 0.173745351461
-0.21 0.178955544364
-0.18 0.18496758943
-0.15 0.1914106489
-0.12 0.197743063161
-0.09 0.203316895201
-0.06 0.207482922157
-0.03 0.209713861376
0.0 0.209713861376
0.03 0.207482922157
0.06 0.203316895201
0.09 0.197743063161
0.12 0.1914106489
0.15 0.18496758943
0.18 0.178955544364
0.21 0.173745351461
0.24 0.169519965579
0.27 0.166297596752
0.3 0.163979002938
0.33 0.162401229181
0.36 0.16138405359
0.39 0.160761959944
0.42 0.160400655692
0.45 0.160201219671
0.48 0.160096522707
0.51 0.16004422303
0.54 0.16001935207
0.57 0.160008088469
0.6 0.160003228978
0.63 0.160001231187
0.66 0.160000448376
0.69 0.160000155963
0.72 0.160000051816
0.75 0.160000016442
0.78 0.160000004983
0.81 0.160000001443
0.84 0.160000000399
0.87 0.160000000105
0.9 0.160000000027
0.93 0.160000000006
0.96 0.160000000001
0.99 0.16
1.02 0.16
1.05 0.16
1.08 0.16
1.11 0.16
1.14 0.16
1.17 0.16
1.2 0.16
1.23 0.16
1.26 0.16
1.29 0.16
1.32 0.16
1.35 0.16
1.38 0.16
1.41 0.16
1.44 0.16
1.47 0.16
1.5 0.16
-1.5 0.176
-1.47 0.176
-1.44 0.176
-1.41 0.176
-1.38 0.176
-1.35 0.176
-1.32 0.176
-1.29 0.176
-1.26 0.176
-1.23 0.176
-1.2 0.176
-1.17 0.176
-1.14 0.176
-1.11 0.176
-1.08 0.176
-1.05 0.176
-1.02 0.176
-0.99 0.176000000001
-0.96 0.176000000006
-0.93 0.176000000026
-0.9 0.176000000103
-0.87 0.176000000389
-0.84 0.176000001407
-0.81 0.176000004859
-0.78 0.176000016031
-0.75 0.17600005052
-0.72 0.176000152064
-0.69 0.176000437167
-0.66 0.176001200407
-0.63 0.176003148254
-0.6 0.176007886257
-0.57 0.176018868269
-0.54 0.176043117454
-0.51 0.176094109639
-0.48 0.176196189179
-0.45 0.1763906393
-0.42 0.176742910945
-0.39 0.17734945225
-0.36 0.178341198451
-0.33 0.179879527865
-0.3 0.182140156833
-0.27 0.18528196644
-0.24 0.189401717674
-0.21 0.194481655755
-0.18 0.200343399694
-0.15 0.206625382678
-0.12 0.212799486582
-0.09 0.218233972821
-0.06 0.222295849104
-0.03 0.224471014842
0.0 0.224471014842
0.03 0.222295849104
0.06 0.218233972821
0.09 0.212799486582
0.12 0.206625382678
0.15 0.200343399694
0.18 0.194481655755
0.21 0.189401717674
0.24 0.18528196644
0.27 0.182140156833
0.3 0.179879527865
0.33 0.178341198451
0.36 0.17734945225
0.39 0.176742910945
0.42 0.1763906393
0.45 0.176196189179
0.48 0.176094109639
0.51 0.176043117454
0.54 0.176018868269
0.57 0.176007886257
0.6 0.176003148254
0.63 0.176001200407
0.66 0.176000437167
0.69 0.176000152064
0.72 0.17600005052
0.75 0.176000016031
0.78 0.176000004859
0.81 0.176000001407
0.84 0.176000000389
0.87 0.176000000103
0.9 0.176000000026
0.93 0.176000000006
0.96 0.176000000001
0.99 0.176
1.02 0.176
1.05 0.176
1.08 0.176
1.11 0.176
1.14 0.176
1.17 0.176
1.2 0.176
1.23 0.176
1.26 0.176
1.29 0.176
1.32 0.176
1.35 0.176
1.38 0.176
1.41 0.176
1.44 0.176
1.47 0.176
1.5 0.176
-1.5 0.192
-1.47 0.192
-1.44 0.192
-1.41 0.192
-1.38 0.192
-1.35 0.192
-1.32 0.192
-1.29 0.192
-1.26 0.192
-1.23 0.192
-1.2 0.192
-1.17 0.192
-1.14 0.192
-1.11 0.192
-1.08 0.192
-1.05 0.192
-1.02 0.192
-0.99 0.192000000001
-0.96 0.192000000006
-0.93 0.192000000025
-0.9 0.1920000001
-0.87 0.192000000379
-0.84 0.19200000137
-0.81 0.192000004734
-0.78 0.19200001562
-0.75 0.192000049225
-0.72 0.192000148165
-0.69 0.192000425957
-0.66 0.192001169627
-0.63 0.192003067529
-0.6 0.192007684045
-0.57 0.192018384467
-0.54 0.192042011878
-0.51 0.192091696571
-0.48 0.192191158687
-0.45 0.192380622907
-0.42 0.192723861946
-0.39 0.19331485091
-0.36 0.194281167722
-0.33 0.195780052791
-0.3 0.197982716914
-0.27 0.2010439673
-0.24 0.205058083888
-0.21 0.210007767146
-0.18 0.215719209958
-0.15 0.221840116455
-0.12 0.227855910003
-0.09 0.233151050441
-0.06 0.23710877605
-0.03 0.239228168307
0.0 0.239228168307
0.03 0.23710877605
0.06 0.233151050441
0.09 0.227855910003
0.12 0.221840116455
0.15 0.215719209958
0.18 0.210007767146
0.21 0.205058083888
0.24 0.2010439673
0.27 0.197982716914
0.3 0.195780052791
0.33 0.194281167722
0.36 0.19331485091
0.39 0.192723861946
0.42 0.192380622907
0.45 0.192191158687
0.48 0.192091696571
0.51 0.192042011878
0.54 0.192018384467
0.57 0.192007684045
0.6 0.192003067529
0.63 0.192001169627
0.66 0.192000425957
0.69 0.192000148165
0.72 0.192000049225
0.75 0.19200001562
0.78 0.192000004734
0.81 0.19200000137
0.84 0.192000000379
0.87 0.1920000001
0.9 0.192000000025
0.93 0.192000000006
0.96 0.192000000001
0.99 0.192
1.02 0.192
1.05 0.192
1.08 0.192
1.11 0.192
1.14 0.192
1.17 0.192
1.2 0.192
1.23 0.192
1.26 0.192
1.29 0.192
1.32 0.192
1.35 0.192
1.38 0.192
1.41 0.192
1.44 0.192
1.47 0.192
1.5 0.192
-1.5 0.208
-1.47 0.208
-1.44 0.208
-1.41 0.208
-1.38 0.208
-1.35 0.208
-1.32 0.208
-1.29 0.208
-1.26 0.208
-1.23 0.208
-1.2 0.208
-1.17 0.208
-1.14 0.208
-1.11 0.208
-1.08 0.208
-1.05 0.208
-1.02 0.208
-0.99 0.208000000001
-0.96 0.208000000006
-0.93 0.208000000025
-0.9 0.208000000097
-0.87 0.208000000369
-0.84 0.208000001334
-0.81 0.20800000461
-0.78 0.208000015209
-0.75 0.208000047929
-0.72 0.208000144266
-0.69 0.208000414748
-0.66 0.208001138848
-0.63 0.208002986805
-0.6 0.208007481834
-0.57 0.208017900665
-0.54 0.208040906302
-0.51 0.208089283504
-0.48 0.208186128195
-0.45 0.208370606515
-0.42 0.208704812948
-0.39 0.209280249571
-0.36 0.210221136992
-0.33 0.211680577718
-0.3 0.213825276995
-0.27 0.216805968161
-0.24 0.220714450101
-0.21 0.225533878537
-0.18 0.231095020223
-0.15 0.237054850233
-0.12 0.242912333424
-0.09 0.248068128061
-0.06 0.251921702996
-0.03 0.253985321773
0.0 0.253985321773
0.03 0.251921702996
0.06 0.248068128061
0.09 0.242912333424
0.12 0.237054850233
0.15 0.231095020223
0.18 0.225533878537
0.21 0.220714450101
0.24 0.216805968161
0.27 0.213825276995
0.3 0.211680577718
0.33 0.210221136992
0.36 0.209280249571
0.39 0.208704812948
0.42 0.208370606515
0.45 0.208186128195
0.48 0.208089283504
0.51 0.208040906302
0.54 0.208017900665
0.57 0.208007481834
0.6 0.208002986805
0.63 0.208001138848
0.66 0.208000414748
0.69 0.208000144266
0.72 0.208000047929
0.75 0.208000015209
0.78 0.20800000461
0.81 0.208000001334
0.84 0.208000000369
0.87 0.208000000097
0.9 0.208000000025
0.93 0.208000000006
0.96 0.208000000001
0.99 0.208
1.02 0.208
1.05 0.208
1.08 0.208
1.11 0.208
1.14 0.208
1.17 0.208
1.2 0.208
1.23 0.208
1.26 0.208
1.29 0.208
1.32 0.208
1.35 0.208
1.38 0.208
1.41 0.208
1.44 0.208
1.47 0.208
1.5 0.208
-1.5 0.224
-1.47 0.224
-1.44 0.224
-1.41 0.224
-1.38 0.224
-1.35 0.224
-1.32 0.224
-1.29 0.224
-1.26 0.224
-1.23 0.224
-1.2 0.224
-1.17 0.224
-1.14 0.224
-1.11 0.224
-1.08 0.224
-1.05 0.224
-1.02 0.224
-0.99 0.224000000001
-0.96 0.224000000006
-0.93 0.224000000024
-0.9 0.224000000095
-0.87 0.224000000359
-0.84 0.224000001298
-0.81 0.224000004485
-0.78 0.224000014798
-0.75 0.224000046634
-0.72 0.224000140367
-0.69 0.224000403539
-0.66 0.224001108068
-0.63 0.224002906081
-0.6 0.224007279622
-0.57 0.224017416863
-0.54 0.224039800727
-0.51 0.224086870436
-0.48 0.224181097704
-0.45 0.224360590123
-0.42 0.224685763949
-0.39 0.225245648231
-0.36 0.226161106263
-0.33 0.227581102644
-0.3 0.229667837077
-0.27 0.232567969021
-0.24 0.236370816315
-0.21 0.241059989928
-0.18 0.246470830487
-0.15 0.25226958401
-0.12 0.257968756845
-0.09 0.262985205681
-0.06 0.266734629942
-0.03 0.268742475238
0.0 0.268742475238
0.03 0.266734629942
0.06 0.262985205681
0.09 0.257968756845
0.12 0.25226958401
0.15 0.246470830487
0.18 0.241059989928
0.21 0.236370816315
0.24 0.232567969021
0.27 0.229667837077
0.3 0.227581102644
0.33 0.226161106263
0.36 0.225245648231
0.39 0.224685763949
0.42 0.224360590123
0.45 0.224181097704
0.48 0.224086870436
0.51 0.224039800727
0.54 0.224017416863
0.57 0.224007279622
0.6 0.224002906081
0.63 0.224001108068
0.66 0.224000403539
0.69 0.224000140367
0.72 0.224000046634
0.75 0.224000014798
0.78 0.224000004485
0.81 0.224000001298
0.84 0.224000000359
0.87 0.224000000095
0.9 0.224000000024
0.93 0.224000000006
0.96 0.224000000001
0.99 0.224
1.02 0.224
1.05 0.224
1.08 0.224
1.11 0.224
1.14 0.224
1.17 0.224
1.2 0.224
1.23 0.224
1.26 0.224
1.29 0.224
1.32 0.224
1.35 0.224
1.38 0.224
1.41 0.224
1.44 0.224
1.47 0.224
1.5 0.224
-1.5 0.24
-1.47 0.24
-1.44 0.24
-1.41 0.24
-1.38 0.24
-1.35 0.24
-1.32 0.24
-1.29 0.24
-1.26 0.24
-1.23 0.24
-1.2 0.24
-1.17 0.24
-1.14 0.24
-1.11 0.24
-1.08 0.24
-1.05 0.24
-1.02 0.24
-0.99 0.240000000001
-0.96 0.240000000006
-0.93 0.240000000023
-0.9 0.240000000092
-0.87 0.240000000349
-0.84 0.240000001262
-0.81 0.24000000436
-0.78 0.240000014387
-0.75 0.240000045339
-0.72 0.240000136468
-0.69 0.240000392329
-0.66 0.240001077288
-0.63 0.240002825356
-0.6 0.24000707741
-0.57 0.240016933061
-0.54 0.240038695151
-0.51 0.240084457368
-0.48 0.240176067212
-0.45 0.24035057373
-0.42 0.240666714951
-0.39 0.241211046891
-0.36 0.242101075533
-0.33 0.243481627571
-0.3 0.245510397158
-0.27 0.248329969882
-0.24 0.252027182528
-0.21 0.256586101319
-0.18 0.261846640751
-0.15 0.267484317788
-0.12 0.273025180266
-0.09 0.277902283301
-0.06 0.281547556888
-0.03 0.283499628704
0.0 0.283499628704
0.03 0.281547556888
0.06 0.277902283301
0.09 0.273025180266
0.12 0.267484317788
0.15 0.261846640751
0.18 0.256586101319
0.21 0.252027182528
0.24 0.248329969882
0.27 0.245510397158
0.3 0.243481627571
0.33 0.242101075533
0.36 0.241211046891
0.39 0.240666714951
0.42 0.24035057373
0.45 0.240176067212
0.48 0.240084457368
0.51 0.240038695151
0.54 0.240016933061
0.57 0.24000707741
0.6 0.240002825356
0.63 0.240001077288
0.66 0.240000392329
0.69 0.240000136468
0.72 0.240000045339
0.75 0.240000014387
0.78 0.24000000436
0.81 0.240000001262
0.84 0.240000000349
0.87 0.240000000092
0.9 0.240000000023
0.93 0.240000000006
0.96 0.240000000001
0.99 0.24
1.02 0.24
1.05 0.24
1.08 0.24
1.11 0.24
1.14 0.24
1.17 0.24
1.2 0.24
1.23 0.24
1.26 0.24
1.29 0.24
1.32 0.24
1.35 0.24
1.38 0.24
1.41 0.24
1.44 0.24
1.47 0.24
1.5 0.24
-1.5 0.256
-1.47 0.256
-1.44 0.256
-1.41 0.256
-1.38 0.256
-1.35 0.256
-1.32 0.256
-1.29 0.256
-1.26 0.256
-1.23 0.256
-1.2 0.256
-1.17 0.256
-1.14 0.256
-1.11 0.256
-1.08 0.256
-1.05 0.256
-1.02 0.256
-0.99 0.256000000001
-0.96 0.256000000005
-0.93 0.256000000023
-0.9 0.25600000009
-0.87 0.256000000339
-0.84 0.256000001226
-0.81 0.256000004236
-0.78 0.256000013976
-0.75 0.256000044043
-0.72 0.256000132568
-0.69 0.25600038112
-0.66 0.256001046509
-0.63 0.256002744632
-0.6 0.256006875198
-0.57 0.25601644926
-0.54 0.256037589575
-0.51 0.256082044301
-0.48 0.25617103672
-0.45 0.256340557338
-0.42 0.256647665952
-0.39 0.257176445551
-0.36 0.258041044804
-0.33 0.259382152498
-0.3 0.261352957239
-0.27 0.264091970742
-0.24 0.267683548742
-0.21 0.27211221271
-0.18 0.277222451015
-0.15 0.282699051565
-0.12 0.288081603687
-0.09 0.292819360921
-0.06 0.296360483834
-0.03 0.29825678217
0.0 0.29825678217
0.03 0.296360483834
0.06 0.292819360921
0.09 0.288081603687
0.12 0.282699051565
0.15 0.277222451015
0.18 0.27211221271
0.21 0.267683548742
0.24 0.264091970742
0.27 0.261352957239
0.3 0.259382152498
0.33 0.258041044804
0.36 0.257176445551
0.39 0.256647665952
0.42 0.256340557338
0.45 0.25617103672
0.48 0.256082044301
0.51 0.256037589575
0.54 0.25601644926
0.57 0.256006875198
0.6 0.256002744632
0.63 0.256001046509
0.66 0.25600038112
0.69 0.256000132568
0.72 0.256000044043
0.75 0.256000013976
0.78 0.256000004236
0.81 0.256000001226
0.84 0.256000000339
0.87 0.25600000009
0.9 0.256000000023
0.93 0.256000000005
0.96 0.256000000001
0.99 0.256
1.02 0.256
1.05 0.256
1.08 0.256
1.11 0.256
1.14 0.256
1.17 0.256
1.2 0.256
1.23 0.256
1.26 0.256
1.29 0.256
1.32 0.256
1.35 0.256
1.38 0.256
1.41 0.256
1.44 0.256
1.47 0.256
1.5 0.256
-1.5 0.272
-1.47 0.272
-1.44 0.272
-1.41 0.272
-1.38 0.272
-1.35 0.272
-1.32 0.272
-1.29 0.272
-1.26 0.272
-1.23 0.272
-1.2 0.272
-1.17 0.272
-1.14 0.272
-1.11 0.272
-1.08 0.272
-1.05 0.272
-1.02 0.272
-0.99 0.272000000001
-0.96 0.272000000005
-0.93 0.272000000022
-0.9 0.272000000087
-0.87 0.272000000329
-0.84 0.27200000119
-0.81 0.272000004111
-0.78 0.272000013565
-0.75 0.272000042748
-0.72 0.272000128669
-0.69 0.27200036991
-0.66 0.272001015729
-0.63 0.272002663907
-0.6 0.272006672987
-0.57 0.272015965458
-0.54 0.272036483999
-0.51 0.272079631233
-0.48 0.272166006228
-0.45 0.272330540946
-0.42 0.272628616953
-0.39 0.273141844212
-0.36 0.273981014074
-0.33 0.275282677424
-0.3 0.27719551732
-0.27 0.279853971603
-0.24 0.283339914955
-0.21 0.2876383241
-0.18 0.29259826128
-0.15 0.297913785343
-0.12 0.303138027108
-0.09 0.307736438541
-0.06 0.31117341078
-0.03 0.313013935635
0.0 0.313013935635
0.03 0.31117341078
0.06 0.307736438541
0.09 0.303138027108
0.12 0.297913785343
0.15 0.29259826128
0.18 0.2876383241
0.21 0.283339914955
0.24 0.279853971603
0.27 0.27719551732
0.3 0.275282677424
0.33 0.273981014074
0.36 0.273141844212
0.39 0.272628616953
0.42 0.272330540946
0.45 0.272166006228
0.48 0.272079631233
0.51 0.272036483999
0.54 0.272015965458
0.57 0.272006672987
0.6 0.272002663907
0.63 0.272001015729
0.66 0.27200036991
0.69 0.272000128669
0.72 0.272000042748
0.75 0.272000013565
0.78 0.272000004111
0.81 0.27200000119
0.84 0.272000000329
0.87 0.272000000087
0.9 0.272000000022
0.93 0.272000000005
0.96 0.272000000001
0.99 0.272
1.02 0.272
1.05 0.272
1.08 0.272
1.11 0.272
1.14 0.272
1.17 0.272
1.2 0.272
1.23 0.272
1.26 0.272
1.29 0.272
1.32 0.272
1.35 0.272
1.38 0.272
1.41 0.272
1.44 0.272
1.47 0.272
1.5 0.272
-1.5 0.288
-1.47 0.288
-1.44 0.288
-1.41 0.288
-1.38 0.288
-1.35 0.288
-1.32 0.288
-1.29 0.288
-1.26 0.288
-1.23 0.288
-1.2 0.288
-1.17 0.288
-1.14 0.288
-1.11 0.288
-1.08 0.288
-1.05 0.288
-1.02 0.288
-0.99 0.288000000001
-0.96 0.288000000005
-0.93 0.288000000021
-0.9 0.288000000084
-0.87 0.288000000319
-0.84 0.288000001154
-0.81 0.288000003987
-0.78 0.288000013154
-0.75 0.288000041452
-0.72 0.28800012477
-0.69 0.288000358701
-0.66 0.288000984949
-0.63 0.288002583183
-0.6 0.288006470775
-0.57 0.288015481656
-0.54 0.288035378424
-0.51 0.288077218165
-0.48 0.288160975737
-0.45 0.288320524554
-0.42 0.288609567955
-0.39 0.289107242872
-0.36 0.289920983345
-0.33 0.291183202351
-0.3 0.293038077402
-0.27 0.295615972463
-0.24 0.298996281169
-0.21 0.303164435491
-0.18 0.307974071544
-0.15 0.31312851912
-0.12 0.318194450529
-0.09 0.322653516161
-0.06 0.325986337726
-0.03 0.327771089101
0.0 0.327771089101
0.03 0.325986337726
0.06 0.322653516161
0.09 0.318194450529
0.12 0.31312851912
0.15 0.307974071544
0.18 0.303164435491
0.21 0.298996281169
0.24 0.295615972463
0.27 0.293038077402
0.3 0.291183202351
0.33 0.289920983345
0.36 0.289107242872
0.39 0.288609567955
0.42 0.288320524554
0.45 0.288160975737
0.48 0.288077218165
0.51 0.288035378424
0.54 0.288015481656
0.57 0.288006470775
0.6 0.288002583183
0.63 0.288000984949
0.66 0.288000358701
0.69 0.28800012477
0.72 0.288000041452
0.75 0.288000013154
0.78 0.288000003987
0.81 0.288000001154
0.84 0.288000000319
0.87 0.288000000084
0.9 0.288000000021
0.93 0.288000000005
0.96 0.288000000001
0.99 0.288
1.02 0.288
1.05 0.288
1.08 0.288
1.11 0.288
1.14 0.288
1.17 0.288
1.2 0.288
1.23 0.288
1.26 0.288
1.29 0.288
1.32 0.288
1.35 0.288
1.38 0.288
1.41 0.288
1.44 0.288
1.47 0.288
1.5 0.288
-1.5 0.304
-1.47 0.304
-1.44 0.304
-1.41 0.304
-1.38 0.304
-1.35 0.304
-1.32 0.304
-1.29 0.304
-1.26 0.304
-1.23 0.304
-1.2 0.304
-1.17 0.304
-1.14 0.304
-1.11 0.304
-1.08 0.304
-1.05 0.304
-1.02 0.304
-0.99 0.304000000001
-0.96 0.304000000005
-0.93 0.304000000021
-0.9 0.304000000082
-0.87 0.304000000309
-0.84 0.304000001118
-0.81 0.304000003862
-0.78 0.304000012743
-0.75 0.304000040157
-0.72 0.304000120871
-0.69 0.304000347492
-0.66 0.30400095417
-0.63 0.304002502458
-0.6 0.304006268563
-0.57 0.304014997854
-0.54 0.304034272848
-0.51 0.304074805098
-0.48 0.304155945245
-0.45 0.304310508161
-0.42 0.304590518956
-0.39 0.305072641532
-0.36 0.305860952615
-0.33 0.307083727277
-0.3 0.308880637483
-0.27 0.311377973324
-0.24 0.314652647382
-0.21 0.318690546882
-0.18 0.323349881808
-0.15 0.328343252898
-0.12 0.33325087395
-0.09 0.337570593781
-0.06 0.340799264672
-0.03 0.342528242566
0.0 0.342528242566
0.03 0.340799264672
0.06 0.337570593781
0.09 0.33325087395
0.12 0.328343252898
0.15 0.323349881808
0.18 0.318690546882
0.21 0.314652647382
0.24 0.311377973324
0.27 0.308880637483
0.3 0.307083727277
0.33 0.305860952615
0.36 0.305072641532
0.39 0.304590518956
0.42 0.304310508161
0.45 0.304155945245
0.48 0.304074805098
0.51 0.304034272848
0.54 0.304014997854
0.57 0.304006268563
0.6 0.304002502458
0.63 0.30400095417
0.66 0.304000347492
0.69 0.304000120871
0.72 0.304000040157
0.75 0.304000012743
0.78 0.304000003862
0.81 0.304000001118
0.84 0.304000000309
0.87 0.304000000082
0.9 0.304000000021
0.93 0.304000000005
0.96 0.304000000001
0.99 0.304
1.02 0.304
1.05 0.304
1.08 0.304
1.11 0.304
1.14 0.304
1.17 0.304
1.2 0.304
1.23 0.304
1.26 0.304
1.29 0.304
1.32 0.304
1.35 0.304
1.38 0.304
1.41 0.304
1.44 0.304
1.47 0.304
1.5 0.304
-1.5 0.32
-1.47 0.32
-1.44 0.32
-1.41 0.32
-1.38 0.32
-1.35 0.32
-1.32 0.32
-1.29 0.32
-1.26 0.32
-1.23 0.32
-1.2 0.32
-1.17 0.32
-1.14 0.32
-1.11 0.32
-1.08 0.32
-1.05 0.32
-1.02 0.32
-0.99 0.320000000001
-0.96 0.320000000005
-0.93 0.32000000002
-0.9 0.320000000079
-0.87 0.320000000299
-0.84 0.320000001082
-0.81 0.320000003737
-0.78 0.320000012332
-0.75 0.320000038862
-0.72 0.320000116972
-0.69 0.320000336282
-0.66 0.32000092339
-0.63 0.320002421734
-0.6 0.320006066352
-0.57 0.320014514053
-0.54 0.320033167272
-0.51 0.32007239203
-0.48 0.320150914753
-0.45 0.320300491769
-0.42 0.320571469958
-0.39 0.321038040192
-0.36 0.321800921885
-0.33 0.322984252204
-0.3 0.324723197564
-0.27 0.327139974184
-0.24 0.330309013596
-0.21 0.334216658273
-0.18 0.338725692072
-0.15 0.343557986675
-0.12 0.348307297371
-0.09 0.352487671401
-0.06 0.355612191618
-0.03 0.357285396032
0.0 0.357285396032
0.03 0.355612191618
0.06 0.352487671401
0.09 0.348307297371
0.12 0.343557986675
0.15 0.338725692072
0.18 0.334216658273
0.21 0.330309013596
0.24 0.327139974184
0.27 0.324723197564
0.3 0.322984252204
0.33 0.321800921885
0.36 0.321038040192
0.39 0.320571469958
0.42 0.320300491769
0.45 0.320150914753
0.48 0.32007239203
0.51 0.320033167272
0.54 0.320014514053
0.57 0.320006066352
0.6 0.320002421734
0.63 0.32000092339
0.66 0.320000336282
0.69 0.320000116972
0.72 0.320000038862
0.75 0.320000012332
0.78 0.320000003737
0.81 0.320000001082
0.84 0.320000000299
0.87 0.320000000079
0.9 0.32000000002
0.93 0.320000000005
0.96 0.320000000001
0.99 0.32
1.02 0.32
1.05 0.32
1.08 0.32
1.11 0.32
1.14 0.32
1.17 0.32
1.2 0.32
1.23 0.32
1.26 0.32
1.29 0.32
1.32 0.32
1.35 0.32
1.38 0.32
1.41 0.32
1.44 0.32
1.47 0.32
1.5 0.32
-1.5 0.336
-1.47 0.336
-1.44 0.336
-1.41 0.336
-1.38 0.336
-1.35 0.336
-1.32 0.336
-1.29 0.336
-1.26 0.336
-1.23 0.336
-1.2 0.336
-1.17 0.336
-1.14 0.336
-1.11 0.336
-1.08 0.336
-1.05 0.336
-1.02 0.336
-0.99 0.336000000001
-0.96 0.336000000005
-0.93 0.336000000019
-0.9 0.336000000076
-0.87 0.336000000289
-0.84 0.336000001046
-0.81 0.336000003613
-0.78 0.336000011921
-0.75 0.336000037566
-0.72 0.336000113073
-0.69 0.336000325073
-0.66 0.33600089261
-0.63 0.336002341009
-0.6 0.33600586414
-0.57 0.336014030251
-0.54 0.336032061696
-0.51 0.336069978962
-0.48 0.336145884261
-0.45 0.336290475377
-0.42 0.336552420959
-0.39 0.337003438853
-0.36 0.337740891156
-0.33 0.33888477713
-0.3 0.340565757645
-0.27 0.342901975045
-0.24 0.345965379809
-0.21 0.349742769664
-0.18 0.354101502337
-0.15 0.358772720453
-0.12 0.363363720792
-0.09 0.367404749021
-0.06 0.370425118564
-0.03 0.372042549498
0.0 0.372042549498
0.03 0.370425118564
0.06 0.367404749021
0.09 0.363363720792
0.12 0.358772720453
0.15 0.354101502337
0.18 0.349742769664
0.21 0.345965379809
0.24 0.342901975045
0.27 0.340565757645
0.3 0.33888477713
0.33 0.337740891156
0.36 0.337003438853
0.39 0.336552420959
0.42 0.336290475377
0.45 0.336145884261
0.48 0.336069978962
0.51 0.336032061696
0.54 0.336014030251
0.57 0.33600586414
0.6 0.336002341009
0.63 0.33600089261
0.66 0.336000325073
0.69 0.336000113073
0.72 0.336000037566
0.75 0.336000011921
0.78 0.336000003613
0.81 0.336000001046
0.84 0.336000000289
0.87 0.336000000076
0.9 0.336000000019
0.93 0.336000000005
0.96 0.336000000001
0.99 0.336
1.02 0.336
1.05 0.336
1.08 0.336
1.11 0.336
1.14 0.336
1.17 0.336
1.2 0.336
1.23 0.336
1.26 0.336
1.29 0.336
1.32 0.336
1.35 0.336
1.38 0.336
1.41 0.336
1.44 0.336
1.47 0.336
1.5 0.336
-1.5 0.352
-1.47 0.352
-1.44 0.352
-1.41 0.352
-1.38 0.352
-1.35 0.352
-1.32 0.352
-1.29 0.352
-1.26 0.352
-1.23 0.352
-1.2 0.352
-1.17 0.352
-1.14 0.352
-1.11 0.352
-1.08 0.352
-1.05 0.352
-1.02 0.352
-0.99 0.352000000001
-0.96 0.352000000004
-0.93 0.352000000019
-0.9 0.352000000074
-0.87 0.352000000279
-0.84 0.35200000101
-0.81 0.352000003488
-0.78 0.352000011509
-0.75 0.352000036271
-0.72 0.352000109174
-0.69 0.352000313863
-0.66 0.352000861831
-0.63 0.352002260285
-0.6 0.352005661928
-0.57 0.352013546449
-0.54 0.352030956121
-0.51 0.352067565895
-0.48 0.35214085377
-0.45 0.352280458984
-0.42 0.352533371961
-0.39 0.352968837513
-0.36 0.353680860426
-0.33 0.354785302057
-0.3 0.356408317726
-0.27 0.358663975905
-0.24 0.361621746023
-0.21 0.365268881055
-0.18 0.369477312601
-0.15 0.37398745423
-0.12 0.378420144213
-0.09 0.382321826641
-0.06 0.38523804551
-0.03 0.386799702963
0.0 0.386799702963
0.03 0.38523804551
0.06 0.382321826641
0.09 0.378420144213
0.12 0.37398745423
0.15 0.369477312601
0.18 0.365268881055
0.21 0.361621746023
0.24 0.358663975905
0.27 0.356408317726
0.3 0.354785302057
0.33 0.353680860426
0.36 0.352968837513
0.39 0.352533371961
0.42 0.352280458984
0.45 0.35214085377
0.48 0.352067565895
0.51 0.352030956121
0.54 0.352013546449
0.57 0.352005661928
0.6 0.352002260285
0.63 0.352000861831
0.66 0.352000313863
0.69 0.352000109174
0.72 0.352000036271
0.75 0.352000011509
0.78 0.352000003488
0.81 0.35200000101
0.84 0.352000000279
0.87 0.352000000074
0.9 0.352000000019
0.93 0.352000000004
0.96 0.352000000001
0.99 0.352
1.02 0.352
1.05 0.352
1.08 0.352
1.11 0.352
1.14 0.352
1.17 0.352
1.2 0.352
1.23 0.352
1.26 0.352
1.29 0.352
1.32 0.352
1.35 0.352
1.38 0.352
1.41 0.352
1.44 0.352
1.47 0.352
1.5 0.352
-1.5 0.368
-1.47 0.368
-1.44 0.368
-1.41 0.368
-1.38 0.368
-1.35 0.368
-1.32 0.368
-1.29 0.368
-1.26 0.368
-1.23 0.368
-1.2 0.368
-1.17 0.368
-1.14 0.368
-1.11 0.368
-1.08 0.368
-1.05 0.368
-1.02 0.368
-0.99 0.368000000001
-0.96 0.368000000004
-0.93 0.368000000018
-0.9 0.368000000071
-0.87 0.368000000269
-0.84 0.368000000974
-0.81 0.368000003364
-0.78 0.368000011098
-0.75 0.368000034975
-0.72 0.368000105275
-0.69 0.368000302654
-0.66 0.368000831051
-0.63 0.36800217956
-0.6 0.368005459716
-0.57 0.368013062647
-0.54 0.368029850545
-0.51 0.368065152827
-0.48 0.368135823278
-0.45 0.368270442592
-0.42 0.368514322962
-0.39 0.368934236173
-0.36 0.369620829697
-0.33 0.370685826983
-0.3 0.372250877808
-0.27 0.374425976766
-0.24 0.377278112236
-0.21 0.380794992446
-0.18 0.384853122865
-0.15 0.389202188008
-0.12 0.393476567634
-0.09 0.397238904261
-0.06 0.400050972456
-0.03 0.401556856429
0.0 0.401556856429
0.03 0.400050972456
0.06 0.397238904261
0.09 0.393476567634
0.12 0.389202188008
0.15 0.384853122865
0.18 0.380794992446
0.21 0.377278112236
0.24 0.374425976766
0.27 0.372250877808
0.3 0.370685826983
0.33 0.369620829697
0.36 0.368934236173
0.39 0.368514322962
0.42 0.368270442592
0.45 0.368135823278
0.48 0.368065152827
0.51 0.368029850545
0.54 0.368013062647
0.57 0.368005459716
0.6 0.36800217956
0.63 0.368000831051
0.66 0.368000302654
0.69 0.368000105275
0.72 0.368000034975
0.75 0.368000011098
0.78 0.368000003364
0.81 0.368000000974
0.84 0.368000000269
0.87 0.368000000071
0.9 0.368000000018
0.93 0.368000000004
0.96 0.368000000001
0.99 0.368
1.02 0.368
1.05 0.368
1.08 0.368
1.11 0.368
1.14 0.368
1.17 0.368
1.2 0.368
1.23 0.368
1.26 0.368
1.29 0.368
1.32 0.368
1.35 0.368
1.38 0.368
1.41 0.368
1.44 0.368
1.47 0.368
1.5 0.368
-1.5 0.384
-1.47 0.384
-1.44 0.384
-1.41 0.384
-1.38 0.384
-1.35 0.384
-1.32 0.384
-1.29 0.384
-1.26 0.384
-1.23 0.384
-1.2 0.384
-1.17 0.384
-1.14 0.384
-1.11 0.384
-1.08 0.384
-1.05 0.384
-1.02 0.384
-0.99 0.384000000001
-0.96 0.384000000004
-0.93 0.384000000017
-0.9 0.384000000068
-0.87 0.384000000259
-0.84 0.384000000938
-0.81 0.384000003239
-0.78 0.384000010687
-0.75 0.38400003368
-0.72 0.384000101376
-0.69 0.384000291445
-0.66 0.384000800271
-0.63 0.384002098836
-0.6 0.384005257505
-0.57 0.384012578846
-0.54 0.384028744969
-0.51 0.384062739759
-0.48 0.384130792786
-0.45 0.3842604262
-0.42 0.384495273963
-0.39 0.384899634833
-0.36 0.385560798967
-0.33 0.38658635191
-0.3 0.388093437889
-0.27 0.390187977626
-0.24 0.39293447845
-0.21 0.396321103837
-0.18 0.400228933129
-0.15 0.404416921785
-0.12 0.408532991055
-0.09 0.412155981881
-0.06 0.414863899402
-0.03 0.416314009894
0.0 0.416314009894
0.03 0.414863899402
0.06 0.412155981881
0.09 0.408532991055
0.12 0.404416921785
0.15 0.400228933129
0.18 0.396321103837
0.21 0.39293447845
0.24 0.390187977626
0.27 0.388093437889
0.3 0.38658635191
0.33 0.385560798967
0.36 0.384899634833
0.39 0.384495273963
0.42 0.3842604262
0.45 0.384130792786
0.48 0.384062739759
0.51 0.384028744969
0.54 0.384012578846
0.57 0.384005257505
0.6 0.384002098836
0.63 0.384000800271
0.66 0.384000291445
0.69 0.384000101376
0.72 0.38400003368
0.75 0.384000010687
0.78 0.384000003239
0.81 0.384000000938
0.84 0.384000000259
0.87 0.384000000068
0.9 0.384000000017
0.93 0.384000000004
0.96 0.384000000001
0.99 0.384
1.02 0.384
1.05 0.384
1.08 0.384
1.11 0.384
1.14 0.384
1.17 0.384
1.2 0.384
1.23 0.384
1.26 0.384
1.29 0.384
1.32 0.384
1.35 0.384
1.38 0.384
1.41 0.384
1.44 0.384
1.47 0.384
1.5 0.384
-1.5 0.4
-1.47 0.4
-1.44 0.4
-1.41 0.4
-1.38 0.4
-1.35 0.4
-1.32 0.4
-1.29 0.4
-1.26 0.4
-1.23 0.4
-1.2 0.4
-1.17 0.4
-1.14 0.4
-1.11 0.4
-1.08 0.4
-1.05 0.4
-1.02 0.4
-0.99 0.400000000001
-0.96 0.400000000004
-0.93 0.400000000017
-0.9 0.400000000066
-0.87 0.400000000249
-0.84 0.400000000902
-0.81 0.400000003115
-0.78 0.400000010276
-0.75 0.400000032385
-0.72 0.400000097477
-0.69 0.400000280235
-0.66 0.400000769492
-0.63 0.400002018111
-0.6 0.400005055293
-0.57 0.400012095044
-0.54 0.400027639394
-0.51 0.400060326692
-0.48 0.400125762294
-0.45 0.400250409807
-0.42 0.400476224965
-0.39 0.400865033494
-0.36 0.401500768238
-0.33 0.402486876836
-0.3 0.40393599797
-0.27 0.405949978487
-0.24 0.408590844663
-0.21 0.411847215228
-0.18 0.415604743394
-0.15 0.419631655563
-0.12 0.423589414475
-0.09 0.427073059501
-0.06 0.429676826348
-0.03 0.43107116336
0.0 0.43107116336
0.03 0.429676826348
0.06 0.427073059501
0.09 0.423589414475
0.12 0.419631655563
0.15 0.415604743394
0.18 0.411847215228
0.21 0.408590844663
0.24 0.405949978487
0.27 0.40393599797
0.3 0.402486876836
0.33 0.401500768238
0.36 0.400865033494
0.39 0.400476224965
0.42 0.400250409807
0.45 0.400125762294
0.48 0.400060326692
0.51 0.400027639394
0.54 0.400012095044
0.57 0.400005055293
0.6 0.400002018111
0.63 0.400000769492
0.66 0.400000280235
0.69 0.400000097477
0.72 0.400000032385
0.75 0.400000010276
0.78 0.400000003115
0.81 0.400000000902
0.84 0.400000000249
0.87 0.400000000066
0.9 0.400000000017
0.93 0.400000000004
0.96 0.400000000001
0.99 0.4
1.02 0.4
1.05 0.4
1.08 0.4
1.11 0.4
1.14 0.4
1.17 0.4
1.2 0.4
1.23 0.4
1.26 0.4
1.29 0.4
1.32 0.4
1.35 0.4
1.38 0.4
1.41 0.4
1.44 0.4
1.47 0.4
1.5 0.4
-1.5 0.416
-1.47 0.416
-1.44 0.416
-1.41 0.416
-1.38 0.416
-1.35 0.416
-1.32 0.416
-1.29 0.416
-1.26 0.416
-1.23 0.416
-1.2 0.416
-1.17 0.416
-1.14 0.416
-1.11 0.416
-1.08 0.416
-1.05 0.416
-1.02 0.416
-0.99 0.416000000001
-0.96 0.416000000004
-0.93 0.416000000016
-0.9 0.416000000063
-0.87 0.416000000239
-0.84 0.416000000866
-0.81 0.41600000299
-0.78 0.416000009865
-0.75 0.416000031089
-0.72 0.416000093578
-0.69 0.416000269026
-0.66 0.416000738712
-0.63 0.416001937387
-0.6 0.416004853081
-0.57 0.416011611242
-0.54 0.416026533818
-0.51 0.416057913624
-0.48 0.416120731802
-0.45 0.416240393415
-0.42 0.416457175966
-0.39 0.416830432154
-0.36 0.417440737508
-0.33 0.418387401763
-0.3 0.419778558051
-0.27 0.421711979347
-0.24 0.424247210877
-0.21 0.427373326619
-0.18 0.430980553658
-0.15 0.43484638934
-0.12 0.438645837896
-0.09 0.441990137121
-0.06 0.444489753294
-0.03 0.445828316826
0.0 0.445828316826
0.03 0.444489753294
0.06 0.441990137121
0.09 0.438645837896
0.12 0.43484638934
0.15 0.430980553658
0.18 0.427373326619
0.21 0.424247210877
0.24 0.421711979347
0.27 0.419778558051
0.3 0.418387401763
0.33 0.417440737508
0.36 0.416830432154
0.39 0.416457175966
0.42 0.416240393415
0.45 0.416120731802
0.48 0.416057913624
0.51 0.416026533818
0.54 0.416011611242
0.57 0.416004853081
0.6 0.416001937387
0.63 0.416000738712
0.66 0.416000269026
0.69 0.416000093578
0.72 0.416000031089
0.75 0.416000009865
0.78 0.41600000299
0.81 0.416000000866
0.84 0.416000000239
0.87 0.416000000063
0.9 0.416000000016
0.93 0.416000000004
0.96 0.416000000001
0.99 0.416
1.02 0.416
1.05 0.416
1.08 0.416
1.11 0.416
1.14 0.416
1.17 0.416
1.2 0.416
1.23 0.416
1.26 0.416
1.29 0.416
1.32 0.416
1.35 0.416
1.38 0.416
1.41 0.416
1.44 0.416
1.47 0.416
1.5 0.416
-1.5 0.432
-1.47 0.432
-1.44 0.432
-1.41 0.432
-1.38 0.432
-1.35 0.432
-1.32 0.432
-1.29 0.432
-1.26 0.432
-1.23 0.432
-1.2 0.432
-1.17 0.432
-1.14 0.432
-1.11 0.432
-1.08 0.432
-1.05 0.432
-1.02 0.432
-0.99 0.432000000001
-0.96 0.432000000004
-0.93 0.432000000015
-0.9 0.432000000061
-0.87 0.432000000229
-0.84 0.432000000829
-0.81 0.432000002865
-0.78 0.432000009454
-0.75 0.432000029794
-0.72 0.432000089679
-0.69 0.432000257816
-0.66 0.432000707932
-0.63 0.432001856663
-0.6 0.43200465087
-0.57 0.43201112744
-0.54 0.432025428242
-0.51 0.432055500556
-0.48 0.432115701311
-0.45 0.432230377023
-0.42 0.432438126968
-0.39 0.432795830814
-0.36 0.433380706779
-0.33 0.43428792669
-0.3 0.435621118132
-0.27 0.437473980208
-0.24 0.43990357709
-0.21 0.442899438009
-0.18 0.446356363922
-0.15 0.450061123118
-0.12 0.453702261317
-0.09 0.456907214741
-0.06 0.459302680241
-0.03 0.460585470291
0.0 0.460585470291
0.03 0.459302680241
0.06 0.456907214741
0.09 0.453702261317
0.12 0.450061123118
0.15 0.446356363922
0.18 0.442899438009
0.21 0.43990357709
0.24 0.437473980208
0.27 0.435621118132
0.3 0.43428792669
0.33 0.433380706779
0.36 0.432795830814
0.39 0.432438126968
0.42 0.432230377023
0.45 0.432115701311
0.48 0.432055500556
0.51 0.432025428242
0.54 0.43201112744
0.57 0.43200465087
0.6 0.432001856663
0.63 0.432000707932
0.66 0.432000257816
0.69 0.432000089679
0.72 0.432000029794
0.75 0.432000009454
0.78 0.432000002865
0.81 0.432000000829
0.84 0.432000000229
0.87 0.432000000061
0.9 0.432000000015
0.93 0.432000000004
0.96 0.432000000001
0.99 0.432
1.02 0.432
1.05 0.432
1.08 0.432
1.11 0.432
1.14 0.432
1.17 0.432
1.2 0.432
1.23 0.432
1.26 0.432
1.29 0.432
1.32 0.432
1.35 0.432
1.38 0.432
1.41 0.432
1.44 0.432
1.47 0.432
1.5 0.432
-1.5 0.448
-1.47 0.448
-1.44 0.448
-1.41 0.448
-1.38 0.448
-1.35 0.448
-1.32 0.448
-1.29 0.448
-1.26 0.448
-1.23 0.448
-1.2 0.448
-1.17 0.448
-1.14 0.448
-1.11 0.448
-1.08 0.448
-1.05 0.448
-1.02 0.448
-0.99 0.448000000001
-0.96 0.448000000004
-0.93 0.448000000015
-0.9 0.448000000058
-0.87 0.448000000219
-0.84 0.448000000793
-0.81 0.448000002741
-0.78 0.448000009043
-0.75 0.448000028499
-0.72 0.44800008578
-0.69 0.448000246607
-0.66 0.448000677153
-0.63 0.448001775938
-0.6 0.448004448658
-0.57 0.448010643639
-0.54 0.448024322666
-0.51 0.448053087489
-0.48 0.448110670819
-0.45 0.448220360631
-0.42 0.448419077969
-0.39 0.448761229474
-0.36 0.449320676049
-0.33 0.450188451616
-0.3 0.451463678214
-0.27 0.453235981069
-0.24 0.455559943303
-0.21 0.4584255494
-0.18 0.461732174186
-0.15 0.465275856895
-0.12 0.468758684738
-0.09 0.471824292361
-0.06 0.474115607187
-0.03 0.475342623757
0.0 0.475342623757
0.03 0.474115607187
0.06 0.471824292361
0.09 0.468758684738
0.12 0.465275856895
0.15 0.461732174186
0.18 0.4584255494
0.21 0.455559943303
0.24 0.453235981069
0.27 0.451463678214
0.3 0.450188451616
0.33 0.449320676049
0.36 0.448761229474
0.39 0.448419077969
0.42 0.448220360631
0.45 0.448110670819
0.48 0.448053087489
0.51 0.448024322666
0.54 0.448010643639
0.57 0.448004448658
0.6 0.448001775938
0.63 0.448000677153
0.66 0.448000246607
0.69 0.44800008578
0.72 0.448000028499
0.75 0.448000009043
0.78 0.448000002741
0.81 0.448000000793
0.84 0.448000000219
0.87 0.448000000058
0.9 0.448000000015
0.93 0.448000000004
0.96 0.448000000001
0.99 0.448
1.02 0.448
1.05 0.448
1.08 0.448
1.11 0.448
1.14 0.448
1.17 0.448
1.2 0.448
1.23 0.448
1.26 0.448
1.29 0.448
1.32 0.448
1.35 0.448
1.38 0.448
1.41 0.448
1.44 0.448
1.47 0.448
1.5 0.448
-1.5 0.464
-1.47 0.464
-1.44 0.464
-1.41 0.464
-1.38 0.464
-1.35 0.464
-1.32 0.464
-1.29 0.464
-1.26 0.464
-1.23 0.464
-1.2 0.464
-1.17 0.464
-1.14 0.464
-1.11 0.464
-1.08 0.464
-1.05 0.464
-1.02 0.464
-0.99 0.464000000001
-0.96 0.464000000003
-0.93 0.464000000014
-0.9 0.464000000055
-0.87 0.464000000209
-0.84 0.464000000757
-0.81 0.464000002616
-0.78 0.464000008632
-0.75 0.464000027203
-0.72 0.464000081881
-0.69 0.464000235398
-0.66 0.464000646373
-0.63 0.464001695214
-0.6 0.464004246446
-0.57 0.464010159837
-0.54 0.464023217091
-0.51 0.464050674421
-0.48 0.464105640327
-0.45 0.464210344238
-0.42 0.46440002897
-0.39 0.464726628135
-0.36 0.46526064532
-0.33 0.466088976543
-0.3 0.467306238295
-0.27 0.468997981929
-0.24 0.471216309517
-0.21 0.473951660791
-0.18 0.477107984451
-0.15 0.480490590673
-0.12 0.483815108159
-0.09 0.486741369981
-0.06 0.488928534133
-0.03 0.490099777222
0.0 0.490099777222
0.03 0.488928534133
0.06 0.486741369981
0.09 0.483815108159
0.12 0.480490590673
0.15 0.477107984451
0.18 0.473951660791
0.21 0.471216309517
0.24 0.468997981929
0.27 0.467306238295
0.3 0.466088976543
0.33 0.46526064532
0.36 0.464726628135
0.39 0.46440002897
0.42 0.464210344238
0.45 0.464105640327
0.48 0.464050674421
0.51 0.464023217091
0.54 0.464010159837
0.57 0.464004246446
0.6 0.464001695214
0.63 0.464000646373
0.66 0.464000235398
0.69 0.464000081881
0.72 0.464000027203
0.75 0.464000008632
0.78 0.464000002616
0.81 0.464000000757
0.84 0.464000000209
0.87 0.464000000055
0.9 0.464000000014
0.93 0.464000000003
0.96 0.464000000001
0.99 0.464
1.02 0.464
1.05 0.464
1.08 0.464
1.11 0.464
1.14 0.464
1.17 0.464
1.2 0.464
1.23 0.464
1.26 0.464
1.29 0.464
1.32 0.464
1.35 0.464
1.38 0.464
1.41 0.464
1.44 0.464
1.47 0.464
1.5 0.464
-1.5 0.48
-1.47 0.48
-1.44 0.48
-1.41 0.48
-1.38 0.48
-1.35 0.48
-1.32 0.48
-1.29 0.48
-1.26 0.48
-1.23 0.48
-1.2 0.48
-1.17 0.48
-1.14 0.48
-1.11 0.48
-1.08 0.48
-1.05 0.48
-1.02 0.48
-0.99 0.480000000001
-0.96 0.480000000003
-0.93 0.480000000013
-0.9 0.480000000053
-0.87 0.480000000199
-0.84 0.480000000721
-0.81 0.480000002492
-0.78 0.480000008221
-0.75 0.480000025908
-0.72 0.480000077981
-0.69 0.480000224188
-0.66 0.480000615593
-0.63 0.480001614489
-0.6 0.480004044234
-0.57 0.480009676035
-0.54 0.480022111515
-0.51 0.480048261353
-0.48 0.480100609835
-0.45 0.480200327846
-0.42 0.480380979972
-0.39 0.480692026795
-0.36 0.48120061459
-0.33 0.481989501469
-0.3 0.483148798376
-0.27 0.48475998279
-0.24 0.48687267573
-0.21 0.489477772182
-0.18 0.492483794715
-0.15 0.49570532445
-0.12 0.49887153158
-0.09 0.501658447601
-0.06 0.503741461079
-0.03 0.504856930688
0.0 0.504856930688
0.03 0.503741461079
0.06 0.501658447601
0.09 0.49887153158
0.12 0.49570532445
0.15 0.492483794715
0.18 0.489477772182
0.21 0.48687267573
0.24 0.48475998279
0.27 0.483148798376
0.3 0.481989501469
0.33 0.48120061459
0.36 0.480692026795
0.39 0.480380979972
0.42 0.480200327846
0.45 0.480100609835
0.48 0.480048261353
0.51 0.480022111515
0.54 0.480009676035
0.57 0.480004044234
0.6 0.480001614489
0.63 0.480000615593
0.66 0.480000224188
0.69 0.480000077981
0.72 0.480000025908
0.75 0.480000008221
0.78 0.480000002492
0.81 0.480000000721
0.84 0.480000000199
0.87 0.480000000053
0.9 0.480000000013
0.93 0.480000000003
0.96 0.480000000001
0.99 0.48
1.02 0.48
1.05 0.48
1.08 0.48
1.11 0.48
1.14 0.48
1.17 0.48
1.2 0.48
1.23 0.48
1.26 0.48
1.29 0.48
1.32 0.48
1.35 0.48
1.38 0.48
1.41 0.48
1.44 0.48
1.47 0.48
1.5 0.48
-1.5 0.496
-1.47 0.496
-1.44 0.496
-1.41 0.496
-1.38 0.496
-1.35 0.496
-1.32 0.496
-1.29 0.496
-1.26 0.496
-1.23 0.496
-1.2 0.496
-1.17 0.496
-1.14 0.496
-1.11 0.496
-1.08 0.496
-1.05 0.496
-1.02 0.496
-0.99 0.496000000001
-0.96 0.496000000003
-0.93 0.496000000013
-0.9 0.49600000005
-0.87 0.496000000189
-0.84 0.496000000685
-0.81 0.496000002367
-0.78 0.49600000781
-0.75 0.496000024612
-0.72 0.496000074082
-0.69 0.496000212979
-0.66 0.496000584814
-0.63 0.496001533765
-0.6 0.496003842023
-0.57 0.496009192233
-0.54 0.496021005939
-0.51 0.496045848286
-0.48 0.496095579344
-0.45 0.496190311454
-0.42 0.496361930973
-0.39 0.496657425455
-0.36 0.497140583861
-0.33 0.497890026396
-0.3 0.498991358457
-0.27 0.50052198365
-0.24 0.502529041944
-0.21 0.505003883573
-0.18 0.507859604979
-0.15 0.510920058228
-0.12 0.513927955001
-0.09 0.516575525221
-0.06 0.518554388025
-0.03 0.519614084154
0.0 0.519614084154
0.03 0.518554388025
0.06 0.516575525221
0.09 0.513927955001
0.12 0.510920058228
0.15 0.507859604979
0.18 0.505003883573
0.21 0.502529041944
0.24 0.50052198365
0.27 0.498991358457
0.3 0.497890026396
0.33 0.497140583861
0.36 0.496657425455
0.39 0.496361930973
0.42 0.496190311454
0.45 0.496095579344
0.48 0.496045848286
0.51 0.496021005939
0.54 0.496009192233
0.57 0.496003842023
0.6 0.496001533765
0.63 0.496000584814
0.66 0.496000212979
0.69 0.496000074082
0.72 0.496000024612
0.75 0.49600000781
0.78 0.496000002367
0.81 0.496000000685
0.84 0.496000000189
0.87 0.49600000005
0.9 0.496000000013
0.93 0.496000000003
0.96 0.496000000001
0.99 0.496
1.02 0.496
1.05 0.496
1.08 0.496
1.11 0.496
1.14 0.496
1.17 0.496
1.2 0.496
1.23 0.496
1.26 0.496
1.29 0.496
1.32 0.496
1.35 0.496
1.38 0.496
1.41 0.496
1.44 0.496
1.47 0.496
1.5 0.496
-1.5 0.512
-1.47 0.512
-1.44 0.512
-1.41 0.512
-1.38 0.512
-1.35 0.512
-1.32 0.512
-1.29 0.512
-1.26 0.512
-1.23 0.512
-1.2 0.512
-1.17 0.512
-1.14 0.512
-1.11 0.512
-1.08 0.512
-1.05 0.512
-1.02 0.512
-0.99 0.512000000001
-0.96 0.512000000003
-0.93 0.512000000012
-0.9 0.512000000047
-0.87 0.512000000179
-0.84 0.512000000649
-0.81 0.512000002242
-0.78 0.512000007399
-0.75 0.512000023317
-0.72 0.512000070183
-0.69 0.512000201769
-0.66 0.512000554034
-0.63 0.51200145304
-0.6 0.512003639811
-0.57 0.512008708432
-0.54 0.512019900363
-0.51 0.512043435218
-0.48 0.512090548852
-0.45 0.512180295061
-0.42 0.512342881975
-0.39 0.512622824115
-0.36 0.513080553131
-0.33 0.513790551322
-0.3 0.514833918538
-0.27 0.516283984511
-0.24 0.518185408157
-0.21 0.520529994964
-0.18 0.523235415243
-0.15 0.526134792005
-0.12 0.528984378422
-0.09 0.531492602841
-0.06 0.533367314971
-0.03 0.534371237619
0.0 0.534371237619
0.03 0.533367314971
0.06 0.531492602841
0.09 0.528984378422
0.12 0.526134792005
0.15 0.523235415243
0.18 0.520529994964
0.21 0.518185408157
0.24 0.516283984511
0.27 0.514833918538
0.3 0.513790551322
0.33 0.513080553131
0.36 0.512622824115
0.39 0.512342881975
0.42 0.512180295061
0.45 0.512090548852
0.48 0.512043435218
0.51 0.512019900363
0.54 0.512008708432
0.57 0.512003639811
0.6 0.51200145304
0.63 0.512000554034
0.66 0.512000201769
0.69 0.512000070183
0.72 0.512000023317
0.75 0.512000007399
0.78 0.512000002242
0.81 0.512000000649
0.84 0.512000000179
0.87 0.512000000047
0.9 0.512000000012
0.93 0.512000000003
0.96 0.512000000001
0.99 0.512
1.02 0.512
1.05 0.512
1.08 0.512
1.11 0.512
1.14 0.512
1.17 0.512
1.2 0.512
1.23 0.512
1.26 0.512
1.29 0.512
1.32 0.512
1.35 0.512
1.38 0.512
1.41 0.512
1.44 0.512
1.47 0.512
1.5 0.512
-1.5 0.528
-1.47 0.528
-1.44 0.528
-1.41 0.528
-1.38 0.528
-1.35 0.528
-1.32 0.528
-1.29 0.528
-1.26 0.528
-1.23 0.528
-1.2 0.528
-1.17 0.528
-1.14 0.528
-1.11 0.528
-1.08 0.528
-1.05 0.528
-1.02 0.528
-0.99 0.528000000001
-0.96 0.528000000003
-0.93 0.528000000011
-0.9 0.528000000045
-0.87 0.52800000017
-0.84 0.528000000613
-0.81 0.528000002118
-0.78 0.528000006988
-0.75 0.528000022022
-0.72 0.528000066284
-0.69 0.52800019056
-0.66 0.528000523254
-0.63 0.528001372316
-0.6 0.528003437599
-0.57 0.52800822463
-0.54 0.528018794788
-0.51 0.52804102215
-0.48 0.52808551836
-0.45 0.528170278669
-0.42 0.528323832976
-0.39 0.528588222776
-0.36 0.529020522402
-0.33 0.529691076249
-0.3 0.53067647862
-0.27 0.532045985371
-0.24 0.533841774371
-0.21 0.536056106355
-0.18 0.538611225508
-0.15 0.541349525783
-0.12 0.544040801843
-0.09 0.546409680461
-0.06 0.548180241917
-0.03 0.549128391085
0.0 0.549128391085
0.03 0.548180241917
0.06 0.546409680461
0.09 0.544040801843
0.12 0.541349525783
0.15 0.538611225508
0.18 0.536056106355
0.21 0.533841774371
0.24 0.532045985371
0.27 0.53067647862
0.3 0.529691076249
0.33 0.529020522402
0.36 0.528588222776
0.39 0.528323832976
0.42 0.528170278669
0.45 0.52808551836
0.48 0.52804102215
0.51 0.528018794788
0.54 0.52800822463
0.57 0.528003437599
0.6 0.528001372316
0.63 0.528000523254
0.66 0.52800019056
0.69 0.528000066284
0.72 0.528000022022
0.75 0.528000006988
0.78 0.528000002118
0.81 0.528000000613
0.84 0.52800000017
0.87 0.528000000045
0.9 0.528000000011
0.93 0.528000000003
0.96 0.528000000001
0.99 0.528
1.02 0.528
1.05 0.528
1.08 0.528
1.11 0.528
1.14 0.528
1.17 0.528
1.2 0.528
1.23 0.528
1.26 0.528
1.29 0.528
1.32 0.528
1.35 0.528
1.38 0.528
1.41 0.528
1.44 0.528
1.47 0.528
1.5 0.528
-1.5 0.544
-1.47 0.544
-1.44 0.544
-1.41 0.544
-1.38 0.544
-1.35 0.544
-1.32 0.544
-1.29 0.544
-1.26 0.544
-1.23 0.544
-1.2 0.544
-1.17 0.544
-1.14 0.544
-1.11 0.544
-1.08 0.544
-1.05 0.544
-1.02 0.544
-0.99 0.544000000001
-0.96 0.544000000003
-0.93 0.544000000011
-0.9 0.544000000042
-0.87 0.54400000016
-0.84 0.544000000577
-0.81 0.544000001993
-0.78 0.544000006577
-0.75 0.544000020726
-0.72 0.544000062385
-0.69 0.544000179351
-0.66 0.544000492475
-0.63 0.544001291591
-0.6 0.544003235388
-0.57 0.544007740828
-0.54 0.544017689212
-0.51 0.544038609083
-0.48 0.544080487868
-0.45 0.544160262277
-0.42 0.544304783977
-0.39 0.544553621436
-0.36 0.544960491672
-0.33 0.545591601175
-0.3 0.546519038701
-0.27 0.547807986232
-0.24 0.549498140584
-0.21 0.551582217746
-0.18 0.553987035772
-0.15 0.55656425956
-0.12 0.559097225264
-0.09 0.561326758081
-0.06 0.562993168863
-0.03 0.56388554455
0.0 0.56388554455
0.03 0.562993168863
0.06 0.561326758081
0.09 0.559097225264
0.12 0.55656425956
0.15 0.553987035772
0.18 0.551582217746
0.21 0.549498140584
0.24 0.547807986232
0.27 0.546519038701
0.3 0.545591601175
0.33 0.544960491672
0.36 0.544553621436
0.39 0.544304783977
0.42 0.544160262277
0.45 0.544080487868
0.48 0.544038609083
0.51 0.544017689212
0.54 0.544007740828
0.57 0.544003235388
0.6 0.544001291591
0.63 0.544000492475
0.66 0.544000179351
0.69 0.544000062385
0.72 0.544000020726
0.75 0.544000006577
0.78 0.544000001993
0.81 0.544000000577
0.84 0.54400000016
0.87 0.544000000042
0.9 0.544000000011
0.93 0.544000000003
0.96 0.544000000001
0.99 0.544
1.02 0.544
1.05 0.544
1.08 0.544
1.11 0.544
1.14 0.544
1.17 0.544
1.2 0.544
1.23 0.544
1.26 0.544
1.29 0.544
1.32 0.544
1.35 0.544
1.38 0.544
1.41 0.544
1.44 0.544
1.47 0.544
1.5 0.544
-1.5 0.56
-1.47 0.56
-1.44 0.56
-1.41 0.56
-1.38 0.56
-1.35 0.56
-1.32 0.56
-1.29 0.56
-1.26 0.56
-1.23 0.56
-1.2 0.56
-1.17 0.56
-1.14 0.56
-1.11 0.56
-1.08 0.56
-1.05 0.56
-1.02 0.56
-0.99 0.560000000001
-0.96 0.560000000002
-0.93 0.56000000001
-0.9 0.560000000039
-0.87 0.56000000015
-0.84 0.560000000541
-0.81 0.560000001869
-0.78 0.560000006166
-0.75 0.560000019431
-0.72 0.560000058486
-0.69 0.560000168141
-0.66 0.560000461695
-0.63 0.560001210867
-0.6 0.560003033176
-0.57 0.560007257026
-0.54 0.560016583636
-0.51 0.560036196015
-0.48 0.560075457377
-0.45 0.560150245884
-0.42 0.560285734979
-0.39 0.560519020096
-0.36 0.560900460943
-0.33 0.561492126102
-0.3 0.562361598782
-0.27 0.563569987092
-0.24 0.565154506798
-0.21 0.567108329137
-0.18 0.569362846036
-0.15 0.571778993338
-0.12 0.574153648685
-0.09 0.5762438357
-0.06 0.577806095809
-0.03 0.578642698016
0.0 0.578642698016
0.03 0.577806095809
0.06 0.5762438357
0.09 0.574153648685
0.12 0.571778993338
0.15 0.569362846036
0.18 0.567108329137
0.21 0.565154506798
0.24 0.563569987092
0.27 0.562361598782
0.3 0.561492126102
0.33 0.560900460943
0.36 0.560519020096
0.39 0.560285734979
0.42 0.560150245884
0.45 0.560075457377
0.48 0.560036196015
0.51 0.560016583636
0.54 0.560007257026
0.57 0.560003033176
0.6 0.560001210867
0.63 0.560000461695
0.66 0.560000168141
0.69 0.560000058486
0.72 0.560000019431
0.75 0.560000006166
0.78 0.560000001869
0.81 0.560000000541
0.84 0.56000000015
0.87 0.560000000039
0.9 0.56000000001
0.93 0.560000000002
0.96 0.560000000001
0.99 0.56
1.02 0.56
1.05 0.56
1.08 0.56
1.11 0.56
1.14 0.56
1.17 0.56
1.2 0.56
1.23 0.56
1.26 0.56
1.29 0.56
1.32 0.56
1.35 0.56
1.38 0.56
1.41 0.56
1.44 0.56
1.47 0.56
1.5 0.56
-1.5 0.576
-1.47 0.576
-1.44 0.576
-1.41 0.576
-1.38 0.576
-1.35 0.576
-1.32 0.576
-1.29 0.576
-1.26 0.576
-1.23 0.576
-1.2 0.576
-1.17 0.576
-1.14 0.576
-1.11 0.576
-1.08 0.576
-1.05 0.576
-1.02 0.576
-0.99 0.576000000001
-0.96 0.576000000002
-0.93 0.576000000009
-0.9 0.576000000037
-0.87 0.57600000014
-0.84 0.576000000505
-0.81 0.576000001744
-0.78 0.576000005755
-0.75 0.576000018135
-0.72 0.576000054587
-0.69 0.576000156932
-0.66 0.576000430915
-0.63 0.576001130142
-0.6 0.576002830964
-0.57 0.576006773225
-0.54 0.57601547806
-0.51 0.576033782947
-0.48 0.576070426885
-0.45 0.576140229492
-0.42 0.57626668598
-0.39 0.576484418756
-0.36 0.576840430213
-0.33 0.577392651028
-0.3 0.578204158863
-0.27 0.579331987953
-0.24 0.580810873011
-0.21 0.582634440527
-0.18 0.5847386563
-0.15 0.586993727115
-0.12 0.589210072106
-0.09 0.59116091332
-0.06 0.592619022755
-0.03 0.593399851482
0.0 0.593399851482
0.03 0.592619022755
0.06 0.59116091332
0.09 0.589210072106
0.12 0.586993727115
0.15 0.5847386563
0.18 0.582634440527
0.21 0.580810873011
0.24 0.579331987953
0.27 0.578204158863
0.3 0.577392651028
0.33 0.576840430213
0.36 0.576484418756
0.39 0.57626668598
0.42 0.576140229492
0.45 0.576070426885
0.48 0.576033782947
0.51 0.57601547806
0.54 0.576006773225
0.57 0.576002830964
0.6 0.576001130142
0.63 0.576000430915
0.66 0.576000156932
0.69 0.576000054587
0.72 0.576000018135
0.75 0.576000005755
0.78 0.576000001744
0.81 0.576000000505
0.84 0.57600000014
0.87 0.576000000037
0.9 0.576000000009
0.93 0.576000000002
0.96 0.576000000001
0.99 0.576
1.02 0.576
1.05 0.576
1.08 0.576
1.11 0.576
1.14 0.576
1.17 0.576
1.2 0.576
1.23 0.576
1.26 0.576
1.29 0.576
1.32 0.576
1.35 0.576
1.38 0.576
1.41 0.576
1.44 0.576
1.47 0.576
1.5 0.576
-1.5 0.592
-1.47 0.592
-1.44 0.592
-1.41 0.592
-1.38 0.592
-1.35 0.592
-1.32 0.592
-1.29 0.592
-1.26 0.592
-1.23 0.592
-1.2 0.592
-1.17 0.592
-1.14 0.592
-1.11 0.592
-1.08 0.592
-1.05 0.592
-1.02 0.592
-0.99 0.592
-0.96 0.592000000002
-0.93 0.592000000009
-0.9 0.592000000034
-0.87 0.59200000013
-0.84 0.592000000469
-0.81 0.59200000162
-0.78 0.592000005344
-0.75 0.59200001684
-0.72 0.592000050688
-0.69 0.592000145722
-0.66 0.592000400136
-0.63 0.592001049418
-0.6 0.592002628752
-0.57 0.592006289423
-0.54 0.592014372485
-0.51 0.59203136988
-0.48 0.592065396393
-0.45 0.5921302131
-0.42 0.592247636982
-0.39 0.592449817417
-0.36 0.592780399484
-0.33 0.593293175955
-0.3 0.594046718944
-0.27 0.595093988813
-0.24 0.596467239225
-0.21 0.598160551918
-0.18 0.600114466565
-0.15 0.602208460893
-0.12 0.604266495527
-0.09 0.60607799094
-0.06 0.607431949701
-0.03 0.608157004947
0.0 0.608157004947
0.03 0.607431949701
0.06 0.60607799094
0.09 0.604266495527
0.12 0.602208460893
0.15 0.600114466565
0.18 0.598160551918
0.21 0.596467239225
0.24 0.595093988813
0.27 0.594046718944
0.3 0.593293175955
0.33 0.592780399484
0.36 0.592449817417
0.39 0.592247636982
0.42 0.5921302131
0.45 0.592065396393
0.48 0.59203136988
0.51 0.592014372485
0.54 0.592006289423
0.57 0.592002628752
0.6 0.592001049418
0.63 0.592000400136
0.66 0.592000145722
0.69 0.592000050688
0.72 0.59200001684
0.75 0.592000005344
0.78 0.59200000162
0.81 0.592000000469
0.84 0.59200000013
0.87 0.592000000034
0.9 0.592000000009
0.93 0.592000000002
0.96 0.592
0.99 0.592
1.02 0.592
1.05 0.592
1.08 0.592
1.11 0.592
1.14 0.592
1.17 0.592
1.2 0.592
1.23 0.592
1.26 0.592
1.29 0.592
1.32 0.592
1.35 0.592
1.38 0.592
1.41 0.592
1.44 0.592
1.47 0.592
1.5 0.592
-1.5 0.608
-1.47 0.608
-1.44 0.608
-1.41 0.608
-1.38 0.608
-1.35 0.608
-1.32 0.608
-1.29 0.608
-1.26 0.608
-1.23 0.608
-1.2 0.608
-1.17 0.608
-1.14 0.608
-1.11 0.608
-1.08 0.608
-1.05 0.608
-1.02 0.608
-0.99 0.608
-0.96 0.608000000002
-0.93 0.608000000008
-0.9 0.608000000032
-0.87 0.60800000012
-0.84 0.608000000433
-0.81 0.608000001495
-0.78 0.608000004933
-0.75 0.608000015545
-0.72 0.608000046789
-0.69 0.608000134513
-0.66 0.608000369356
-0.63 0.608000968694
-0.6 0.608002426541
-0.57 0.608005805621
-0.54 0.608013266909
-0.51 0.608028956812
-0.48 0.608060365901
-0.45 0.608120196708
-0.42 0.608228587983
-0.39 0.608415216077
-0.36 0.608720368754
-0.33 0.609193700881
-0.3 0.609889279026
-0.27 0.610855989674
-0.24 0.612123605438
-0.21 0.613686663309
-0.18 0.615490276829
-0.15 0.61742319467
-0.12 0.619322918948
-0.09 0.62099506856
-0.06 0.622244876647
-0.03 0.622914158413
0.0 0.622914158413
0.03 0.622244876647
0.06 0.62099506856
0.09 0.619322918948
0.12 0.61742319467
0.15 0.615490276829
0.18 0.613686663309
0.21 0.612123605438
0.24 0.610855989674
0.27 0.609889279026
0.3 0.609193700881
0.33 0.608720368754
0.36 0.608415216077
0.39 0.608228587983
0.42 0.608120196708
0.45 0.608060365901
0.48 0.608028956812
0.51 0.608013266909
0.54 0.608005805621
0.57 0.608002426541
0.6 0.608000968694
0.63 0.608000369356
0.66 0.608000134513
0.69 0.608000046789
0.72 0.608000015545
0.75 0.608000004933
0.78 0.608000001495
0.81 0.608000000433
0.84 0.60800000012
0.87 0.608000000032
0.9 0.608000000008
0.93 0.608000000002
0.96 0.608
0.99 0.608
1.02 0.608
1.05 0.608
1.08 0.608
1.11 0.608
1.14 0.608
1.17 0.608
1.2 0.608
1.23 0.608
1.26 0.608
1.29 0.608
1.32 0.608
1.35 0.608
1.38 0.608
1.41 0.608
1.44 0.608
1.47 0.608
1.5 0.608
-1.5 0.624
-1.47 0.624
-1.44 0.624
-1.41 0.624
-1.38 0.624
-1.35 0.624
-1.32 0.624
-1.29 0.624
-1.26 0.624
-1.23 0.624
-1.2 0.624
-1.17 0.624
-1.14 0.624
-1.11 0.624
-1.08 0.624
-1.05 0.624
-1.02 0.624
-0.99 0.624
-0.96 0.624000000002
-0.93 0.624000000007
-0.9 0.624000000029
-0.87 0.62400000011
-0.84 0.624000000397
-0.81 0.62400000137
-0.78 0.624000004522
-0.75 0.624000014249
-0.72 0.62400004289
-0.69 0.624000123303
-0.66 0.624000338576
-0.63 0.624000887969
-0.6 0.624002224329
-0.57 0.624005321819
-0.54 0.624012161333
-0.51 0.624026543744
-0.48 0.624055335409
-0.45 0.624110180315
-0.42 0.624209538984
-0.39 0.624380614737
-0.36 0.624660338025
-0.33 0.625094225808
-0.3 0.625731839107
-0.27 0.626617990534
-0.24 0.627779971652
-0.21 0.6292127747
-0.18 0.630866087093
-0.15 0.632637928448
-0.12 0.634379342369
-0.09 0.63591214618
-0.06 0.637057803593
-0.03 0.637671311878
0.0 0.637671311878
0.03 0.637057803593
0.06 0.63591214618
0.09 0.634379342369
0.12 0.632637928448
0.15 0.630866087093
0.18 0.6292127747
0.21 0.627779971652
0.24 0.626617990534
0.27 0.625731839107
0.3 0.625094225808
0.33 0.624660338025
0.36 0.624380614737
0.39 0.624209538984
0.42 0.624110180315
0.45 0.624055335409
0.48 0.624026543744
0.51 0.624012161333
0.54 0.624005321819
0.57 0.624002224329
0.6 0.624000887969
0.63 0.624000338576
0.66 0.624000123303
0.69 0.62400004289
0.72 0.624000014249
0.75 0.624000004522
0.78 0.62400000137
0.81 0.624000000397
0.84 0.62400000011
0.87 0.624000000029
0.9 0.624000000007
0.93 0.624000000002
0.96 0.624
0.99 0.624
1.02 0.624
1.05 0.624
1.08 0.624
1.11 0.624
1.14 0.624
1.17 0.624
1.2 0.624
1.23 0.624
1.26 0.624
1.29 0.624
1.32 0.624
1.35 0.624
1.38 0.624
1.41 0.624
1.44 0.624
1.47 0.624
1.5 0.624
-1.5 0.64
-1.47 0.64
-1.44 0.64
-1.41 0.64
-1.38 0.64
-1.35 0.64
-1.32 0.64
-1.29 0.64
-1.26 0.64
-1.23 0.64
-1.2 0.64
-1.17 0.64
-1.14 0.64
-1.11 0.64
-1.08 0.64
-1.05 0.64
-1.02 0.64
-0.99 0.64
-0.96 0.640000000002
-0.93 0.640000000007
-0.9 0.640000000026
-0.87 0.6400000001
-0.84 0.640000000361
-0.81 0.640000001246
-0.78 0.640000004111
-0.75 0.640000012954
-0.72 0.640000038991
-0.69 0.640000112094
-0.66 0.640000307797
-0.63 0.640000807245
-0.6 0.640002022117
-0.57 0.640004838018
-0.54 0.640011055757
-0.51 0.640024130677
-0.48 0.640050304918
-0.45 0.640100163923
-0.42 0.640190489986
-0.39 0.640346013397
-0.36 0.640600307295
-0.33 0.640994750735
-0.3 0.641574399188
-0.27 0.642379991395
-0.24 0.643436337865
-0.21 0.644738886091
-0.18 0.646241897357
-0.15 0.647852662225
-0.12 0.64943576579
-0.09 0.6508292238
-0.06 0.651870730539
-0.03 0.652428465344
0.0 0.652428465344
0.03 0.651870730539
0.06 0.6508292238
0.09 0.64943576579
0.12 0.647852662225
0.15 0.646241897357
0.18 0.644738886091
0.21 0.643436337865
0.24 0.642379991395
0.27 0.641574399188
0.3 0.640994750735
0.33 0.640600307295
0.36 0.640346013397
0.39 0.640190489986
0.42 0.640100163923
0.45 0.640050304918
0.48 0.640024130677
0.51 0.640011055757
0.54 0.640004838018
0.57 0.640002022117
0.6 0.640000807245
0.63 0.640000307797
0.66 0.640000112094
0.69 0.640000038991
0.72 0.640000012954
0.75 0.640000004111
0.78 0.640000001246
0.81 0.640000000361
0.84 0.6400000001
0.87 0.640000000026
0.9 0.640000000007
0.93 0.640000000002
0.96 0.64
0.99 0.64
1.02 0.64
1.05 0.64
1.08 0.64
1.11 0.64
1.14 0.64
1.17 0.64
1.2 0.64
1.23 0.64
1.26 0.64
1.29 0.64
1.32 0.64
1.35 0.64
1.38 0.64
1.41 0.64
1.44 0.64
1.47 0.64
1.5 0.64
-1.5 0.656
-1.47 0.656
-1.44 0.656
-1.41 0.656
-1.38 0.656
-1.35 0.656
-1.32 0.656
-1.29 0.656
-1.26 0.656
-1.23 0.656
-1.2 0.656
-1.17 0.656
-1.14 0.656
-1.11 0.656
-1.08 0.656
-1.05 0.656
-1.02 0.656
-0.99 0.656
-0.96 0.656000000001
-0.93 0.656000000006
-0.9 0.656000000024
-0.87 0.65600000009
-0.84 0.656000000325
-0.81 0.656000001121
-0.78 0.656000003699
-0.75 0.656000011658
-0.72 0.656000035092
-0.69 0.656000100885
-0.66 0.656000277017
-0.63 0.65600072652
-0.6 0.656001819905
-0.57 0.656004354216
-0.54 0.656009950182
-0.51 0.656021717609
-0.48 0.656045274426
-0.45 0.656090147531
-0.42 0.656171440987
-0.39 0.656311412058
-0.36 0.656540276566
-0.33 0.656895275661
-0.3 0.657416959269
-0.27 0.658141992255
-0.24 0.659092704079
-0.21 0.660264997482
-0.18 0.661617707622
-0.15 0.663067396003
-0.12 0.664492189211
-0.09 0.66574630142
-0.06 0.666683657485
-0.03 0.66718561881
0.0 0.66718561881
0.03 0.666683657485
0.06 0.66574630142
0.09 0.664492189211
0.12 0.663067396003
0.15 0.661617707622
0.18 0.660264997482
0.21 0.659092704079
0.24 0.658141992255
0.27 0.657416959269
0.3 0.656895275661
0.33 0.656540276566
0.36 0.656311412058
0.39 0.656171440987
0.42 0.656090147531
0.45 0.656045274426
0.48 0.656021717609
0.51 0.656009950182
0.54 0.656004354216
0.57 0.656001819905
0.6 0.65600072652
0.63 0.656000277017
0.66 0.656000100885
0.69 0.656000035092
0.72 0.656000011658
0.75 0.656000003699
0.78 0.656000001121
0.81 0.656000000325
0.84 0.65600000009
0.87 0.656000000024
0.9 0.656000000006
0.93 0.656000000001
0.96 0.656
0.99 0.656
1.02 0.656
1.05 0.656
1.08 0.656
1.11 0.656
1.14 0.656
1.17 0.656
1.2 0.656
1.23 0.656
1.26 0.656
1.29 0.656
1.32 0.656
1.35 0.656
1.38 0.656
1.41 0.656
1.44 0.656
1.47 0.656
1.5 0.656
-1.5 0.672
-1.47 0.672
-1.44 0.672
-1.41 0.672
-1.38 0.672
-1.35 0.672
-1.32 0.672
-1.29 0.672
-1.26 0.672
-1.23 0.672
-1.2 0.672
-1.17 0.672
-1.14 0.672
-1.11 0.672
-1.08 0.672
-1.05 0.672
-1.02 0.672
-0.99 0.672
-0.96 0.672000000001
-0.93 0.672000000005
-0.9 0.672000000021
-0.87 0.67200000008
-0.84 0.672000000289
-0.81 0.672000000997
-0.78 0.672000003288
-0.75 0.672000010363
-0.72 0.672000031193
-0.69 0.672000089675
-0.66 0.672000246237
-0.63 0.672000645796
-0.6 0.672001617694
-0.57 0.672003870414
-0.54 0.672008844606
-0.51 0.672019304541
-0.48 0.672040243934
-0.45 0.672080131138
-0.42 0.672152391989
-0.39 0.672276810718
-0.36 0.672480245836
-0.33 0.672795800588
-0.3 0.67325951935
-0.27 0.673903993116
-0.24 0.674749070292
-0.21 0.675791108873
-0.18 0.676993517886
-0.15 0.67828212978
-0.12 0.679548612632
-0.09 0.68066337904
-0.06 0.681496584431
-0.03 0.681942772275
0.0 0.681942772275
0.03 0.681496584431
0.06 0.68066337904
0.09 0.679548612632
0.12 0.67828212978
0.15 0.676993517886
0.18 0.675791108873
0.21 0.674749070292
0.24 0.673903993116
0.27 0.67325951935
0.3 0.672795800588
0.33 0.672480245836
0.36 0.672276810718
0.39 0.672152391989
0.42 0.672080131138
0.45 0.672040243934
0.48 0.672019304541
0.51 0.672008844606
0.54 0.672003870414
0.57 0.672001617694
0.6 0.672000645796
0.63 0.672000246237
0.66 0.672000089675
0.69 0.672000031193
0.72 0.672000010363
0.75 0.672000003288
0.78 0.672000000997
0.81 0.672000000289
0.84 0.67200000008
0.87 0.672000000021
0.9 0.672000000005
0.93 0.672000000001
0.96 0.672
0.99 0.672
1.02 0.672
1.05 0.672
1.08 0.672
1.11 0.672
1.14 0.672
1.17 0.672
1.2 0.672
1.23 0.672
1.26 0.672
1.29 0.672
1.32 0.672
1.35 0.672
1.38 0.672
1.41 0.672
1.44 0.672
1.47 0.672
1.5 0.672
-1.5 0.688
-1.47 0.688
-1.44 0.688
-1.41 0.688
-1.38 0.688
-1.35 0.688
-1.32 0.688
-1.29 0.688
-1.26 0.688
-1.23 0.688
-1.2 0.688
-1.17 0.688
-1.14 0.688
-1.11 0.688
-1.08 0.688
-1.05 0.688
-1.02 0.688
-0.99 0.688
-0.96 0.688000000001
-0.93 0.688000000005
-0.9 0.688000000018
-0.87 0.68800000007
-0.84 0.688000000252
-0.81 0.688000000872
-0.78 0.688000002877
-0.75 0.688000009068
-0.72 0.688000027294
-0.69 0.688000078466
-0.66 0.688000215458
-0.63 0.688000565071
-0.6 0.688001415482
-0.57 0.688003386612
-0.54 0.68800773903
-0.51 0.688016891474
-0.48 0.688035213442
-0.45 0.688070114746
-0.42 0.68813334299
-0.39 0.688242209378
-0.36 0.688420215107
-0.33 0.688696325514
-0.3 0.689102079432
-0.27 0.689665993976
-0.24 0.690405436506
-0.21 0.691317220264
-0.18 0.69236932815
-0.15 0.693496863558
-0.12 0.694605036053
-0.09 0.69558045666
-0.06 0.696309511378
-0.03 0.696699925741
0.0 0.696699925741
0.03 0.696309511378
0.06 0.69558045666
0.09 0.694605036053
0.12 0.693496863558
0.15 0.69236932815
0.18 0.691317220264
0.21 0.690405436506
0.24 0.689665993976
0.27 0.689102079432
0.3 0.688696325514
0.33 0.688420215107
0.36 0.688242209378
0.39 0.68813334299
0.42 0.688070114746
0.45 0.688035213442
0.48 0.688016891474
0.51 0.68800773903
0.54 0.688003386612
0.57 0.688001415482
0.6 0.688000565071
0.63 0.688000215458
0.66 0.688000078466
0.69 0.688000027294
0.72 0.688000009068
0.75 0.688000002877
0.78 0.688000000872
0.81 0.688000000252
0.84 0.68800000007
0.87 0.688000000018
0.9 0.688000000005
0.93 0.688000000001
0.96 0.688
0.99 0.688
1.02 0.688
1.05 0.688
1.08 0.688
1.11 0.688
1.14 0.688
1.17 0.688
1.2 0.688
1.23 0.688
1.26 0.688
1.29 0.688
1.32 0.688
1.35 0.688
1.38 0.688
1.41 0.688
1.44 0.688
1.47 0.688
1.5 0.688
-1.5 0.704
-1.47 0.704
-1.44 0.704
-1.41 0.704
-1.38 0.704
-1.35 0.704
-1.32 0.704
-1.29 0.704
-1.26 0.704
-1.23 0.704
-1.2 0.704
-1.17 0.704
-1.14 0.704
-1.11 0.704
-1.08 0.704
-1.05 0.704
-1.02 0.704
-0.99 0.704
-0.96 0.704000000001
-0.93 0.704000000004
-0.9 0.704000000016
-0.87 0.70400000006
-0.84 0.704000000216
-0.81 0.704000000747
-0.78 0.704000002466
-0.75 0.704000007772
-0.72 0.704000023394
-0.69 0.704000067256
-0.66 0.704000184678
-0.63 0.704000484347
-0.6 0.70400121327
-0.57 0.704002902811
-0.54 0.704006633454
-0.51 0.704014478406
-0.48 0.704030182951
-0.45 0.704060098354
-0.42 0.704114293992
-0.39 0.704207608038
-0.36 0.704360184377
-0.33 0.704596850441
-0.3 0.704944639513
-0.27 0.705427994837
-0.24 0.706061802719
-0.21 0.706843331655
-0.18 0.707745138414
-0.15 0.708711597335
-0.12 0.709661459474
-0.09 0.71049753428
-0.06 0.711122438324
-0.03 0.711457079206
0.0 0.711457079206
0.03 0.711122438324
0.06 0.71049753428
0.09 0.709661459474
0.12 0.708711597335
0.15 0.707745138414
0.18 0.706843331655
0.21 0.706061802719
0.24 0.705427994837
0.27 0.704944639513
0.3 0.704596850441
0.33 0.704360184377
0.36 0.704207608038
0.39 0.704114293992
0.42 0.704060098354
0.45 0.704030182951
0.48 0.704014478406
0.51 0.704006633454
0.54 0.704002902811
0.57 0.70400121327
0.6 0.704000484347
0.63 0.704000184678
0.66 0.704000067256
0.69 0.704000023394
0.72 0.704000007772
0.75 0.704000002466
0.78 0.704000000747
0.81 0.704000000216
0.84 0.70400000006
0.87 0.704000000016
0.9 0.704000000004
0.93 0.704000000001
0.96 0.704
0.99 0.704
1.02 0.704
1.05 0.704
1.08 0.704
1.11 0.704
1.14 0.704
1.17 0.704
1.2 0.704
1.23 0.704
1.26 0.704
1.29 0.704
1.32 0.704
1.35 0.704
1.38 0.704
1.41 0.704
1.44 0.704
1.47 0.704
1.5 0.704
-1.5 0.72
-1.47 0.72
-1.44 0.72
-1.41 0.72
-1.38 0.72
-1.35 0.72
-1.32 0.72
-1.29 0.72
-1.26 0.72
-1.23 0.72
-1.2 0.72
-1.17 0.72
-1.14 0.72
-1.11 0.72
-1.08 0.72
-1.05 0.72
-1.02 0.72
-0.99 0.72
-0.96 0.720000000001
-0.93 0.720000000003
-0.9 0.720000000013
-0.87 0.72000000005
-0.84 0.72000000018
-0.81 0.720000000623
-0.78 0.720000002055
-0.75 0.720000006477
-0.72 0.720000019495
-0.69 0.720000056047
-0.66 0.720000153898
-0.63 0.720000403622
-0.6 0.720001011059
-0.57 0.720002419009
-0.54 0.720005527879
-0.51 0.720012065338
-0.48 0.720025152459
-0.45 0.720050081961
-0.42 0.720095244993
-0.39 0.720173006699
-0.36 0.720300153648
-0.33 0.720497375367
-0.3 0.720787199594
-0.27 0.721189995697
-0.24 0.721718168933
-0.21 0.722369443046
-0.18 0.723120948679
-0.15 0.723926331113
-0.12 0.724717882895
-0.09 0.7254146119
-0.06 0.72593536527
-0.03 0.726214232672
0.0 0.726214232672
0.03 0.72593536527
0.06 0.7254146119
0.09 0.724717882895
0.12 0.723926331113
0.15 0.723120948679
0.18 0.722369443046
0.21 0.721718168933
0.24 0.721189995697
0.27 0.720787199594
0.3 0.720497375367
0.33 0.720300153648
0.36 0.720173006699
0.39 0.720095244993
0.42 0.720050081961
0.45 0.720025152459
0.48 0.720012065338
0.51 0.720005527879
0.54 0.720002419009
0.57 0.720001011059
0.6 0.720000403622
0.63 0.720000153898
0.66 0.720000056047
0.69 0.720000019495
0.72 0.720000006477
0.75 0.720000002055
0.78 0.720000000623
0.81 0.72000000018
0.84 0.72000000005
0.87 0.720000000013
0.9 0.720000000003
0.93 0.720000000001
0.96 0.72
0.99 0.72
1.02 0.72
1.05 0.72
1.08 0.72
1.11 0.72
1.14 0.72
1.17 0.72
1.2 0.72
1.23 0.72
1.26 0.72
1.29 0.72
1.32 0.72
1.35 0.72
1.38 0.72
1.41 0.72
1.44 0.72
1.47 0.72
1.5 0.72
-1.5 0.736
-1.47 0.736
-1.44 0.736
-1.41 0.736
-1.38 0.736
-1.35 0.736
-1.32 0.736
-1.29 0.736
-1.26 0.736
-1.23 0.736
-1.2 0.736
-1.17 0.736
-1.14 0.736
-1.11 0.736
-1.08 0.736
-1.05 0.736
-1.02 0.736
-0.99 0.736
-0.96 0.736000000001
-0.93 0.736000000003
-0.9 0.736000000011
-0.87 0.73600000004
-0.84 0.736000000144
-0.81 0.736000000498
-0.78 0.736000001644
-0.75 0.736000005182
-0.72 0.736000015596
-0.69 0.736000044838
-0.66 0.736000123119
-0.63 0.736000322898
-0.6 0.736000808847
-0.57 0.736001935207
-0.54 0.736004422303
-0.51 0.736009652271
-0.48 0.736020121967
-0.45 0.736040065569
-0.42 0.736076195994
-0.39 0.736138405359
-0.36 0.736240122918
-0.33 0.736397900294
-0.3 0.736629759675
-0.27 0.736951996558
-0.24 0.737374535146
-0.21 0.737895554436
-0.18 0.738496758943
-0.15 0.73914106489
-0.12 0.739774306316
-0.09 0.74033168952
-0.06 0.740748292216
-0.03 0.740971386138
0.0 0.740971386138
0.03 0.740748292216
0.06 0.74033168952
0.09 0.739774306316
0.12 0.73914106489
0.15 0.738496758943
0.18 0.737895554436
0.21 0.737374535146
0.24 0.736951996558
0.27 0.736629759675
0.3 0.736397900294
0.33 0.736240122918
0.36 0.736138405359
0.39 0.736076195994
0.42 0.736040065569
0.45 0.736020121967
0.48 0.736009652271
0.51 0.736004422303
0.54 0.736001935207
0.57 0.736000808847
0.6 0.736000322898
0.63 0.736000123119
0.66 0.736000044838
0.69 0.736000015596
0.72 0.736000005182
0.75 0.736000001644
0.78 0.736000000498
0.81 0.736000000144
0.84 0.73600000004
0.87 0.736000000011
0.9 0.736000000003
0.93 0.736000000001
0.96 0.736
0.99 0.736
1.02 0.736
1.05 0.736
1.08 0.736
1.11 0.736
1.14 0.736
1.17 0.736
1.2 0.736
1.23 0.736
1.26 0.736
1.29 0.736
1.32 0.736
1.35 0.736
1.38 0.736
1.41 0.736
1.44 0.736
1.47 0.736
1.5 0.736
-1.5 0.752
-1.47 0.752
-1.44 0.752
-1.41 0.752
-1.38 0.752
-1.35 0.752
-1.32 0.752
-1.29 0.752
-1.26 0.752
-1.23 0.752
-1.2 0.752
-1.17 0.752
-1.14 0.752
-1.11 0.752
-1.08 0.752
-1.05 0.752
-1.02 0.752
-0.99 0.752
-0.96 0.752
-0.93 0.752000000002
-0.9 0.752000000008
-0.87 0.75200000003
-0.84 0.752000000108
-0.81 0.752000000374
-0.78 0.752000001233
-0.75 0.752000003886
-0.72 0.752000011697
-0.69 0.752000033628
-0.66 0.752000092339
-0.63 0.752000242173
-0.6 0.752000606635
-0.57 0.752001451405
-0.54 0.752003316727
-0.51 0.752007239203
-0.48 0.752015091475
-0.45 0.752030049177
-0.42 0.752057146996
-0.39 0.752103804019
-0.36 0.752180092189
-0.33 0.75229842522
-0.3 0.752472319756
-0.27 0.752713997418
-0.24 0.75303090136
-0.21 0.753421665827
-0.18 0.753872569207
-0.15 0.754355798668
-0.12 0.754830729737
-0.09 0.75524876714
-0.06 0.755561219162
-0.03 0.755728539603
0.0 0.755728539603
0.03 0.755561219162
0.06 0.75524876714
0.09 0.754830729737
0.12 0.754355798668
0.15 0.753872569207
0.18 0.753421665827
0.21 0.75303090136
0.24 0.752713997418
0.27 0.752472319756
0.3 0.75229842522
0.33 0.752180092189
0.36 0.752103804019
0.39 0.752057146996
0.42 0.752030049177
0.45 0.752015091475
0.48 0.752007239203
0.51 0.752003316727
0.54 0.752001451405
0.57 0.752000606635
0.6 0.752000242173
0.63 0.752000092339
0.66 0.752000033628
0.69 0.752000011697
0.72 0.752000003886
0.75 0.752000001233
0.78 0.752000000374
0.81 0.752000000108
0.84 0.75200000003
0.87 0.752000000008
0.9 0.752000000002
0.93 0.752
0.96 0.752
0.99 0.752
1.02 0.752
1.05 0.752
1.08 0.752
1.11 0.752
1.14 0.752
1.17 0.752
1.2 0.752
1.23 0.752
1.26 0.752
1.29 0.752
1.32 0.752
1.35 0.752
1.38 0.752
1.41 0.752
1.44 0.752
1.47 0.752
1.5 0.752
-1.5 0.768
-1.47 0.768
-1.44 0.768
-1.41 0.768
-1.38 0.768
-1.35 0.768
-1.32 0.768
-1.29 0.768
-1.26 0.768
-1.23 0.768
-1.2 0.768
-1.17 0.768
-1.14 0.768
-1.11 0.768
-1.08 0.768
-1.05 0.768
-1.02 0.768
-0.99 0.768
-0.96 0.768
-0.93 0.768000000001
-0.9 0.768000000005
-0.87 0.76800000002
-0.84 0.768000000072
-0.81 0.768000000249
-0.78 0.768000000822
-0.75 0.768000002591
-0.72 0.768000007798
-0.69 0.768000022419
-0.66 0.768000061559
-0.63 0.768000161449
-0.6 0.768000404423
-0.57 0.768000967604
-0.54 0.768002211151
-0.51 0.768004826135
-0.48 0.768010060984
-0.45 0.768020032785
-0.42 0.768038097997
-0.39 0.768069202679
-0.36 0.768120061459
-0.33 0.768198950147
-0.3 0.768314879838
-0.27 0.768475998279
-0.24 0.768687267573
-0.21 0.768947777218
-0.18 0.769248379471
-0.15 0.769570532445
-0.12 0.769887153158
-0.09 0.77016584476
-0.06 0.770374146108
-0.03 0.770485693069
0.0 0.770485693069
0.03 0.770374146108
0.06 0.77016584476
0.09 0.769887153158
0.12 0.769570532445
0.15 0.769248379471
0.18 0.768947777218
0.21 0.768687267573
0.24 0.768475998279
0.27 0.768314879838
0.3 0.768198950147
0.33 0.768120061459
0.36 0.768069202679
0.39 0.768038097997
0.42 0.768020032785
0.45 0.768010060984
0.48 0.768004826135
0.51 0.768002211151
0.54 0.768000967604
0.57 0.768000404423
0.6 0.768000161449
0.63 0.768000061559
0.66 0.768000022419
0.69 0.768000007798
0.72 0.768000002591
0.75 0.768000000822
0.78 0.768000000249
0.81 0.768000000072
0.84 0.76800000002
0.87 0.768000000005
0.9 0.768000000001
0.93 0.768
0.96 0.768
0.99 0.768
1.02 0.768
1.05 0.768
1.08 0.768
1.11 0.768
1.14 0.768
1.17 0.768
1.2 0.768
1.23 0.768
1.26 0.768
1.29 0.768
1.32 0.768
1.35 0.768
1.38 0.768
1.41 0.768
1.44 0.768
1.47 0.768
1.5 0.768
-1.5 0.784
-1.47 0.784
-1.44 0.784
-1.41 0.784
-1.38 0.784
-1.35 0.784
-1.32 0.784
-1.29 0.784
-1.26 0.784
-1.23 0.784
-1.2 0.784
-1.17 0.784
-1.14 0.784
-1.11 0.784
-1.08 0.784
-1.05 0.784
-1.02 0.784
-0.99 0.784
-0.96 0.784
-0.93 0.784000000001
-0.9 0.784000000003
-0.87 0.78400000001
-0.84 0.784000000036
-0.81 0.784000000125
-0.78 0.784000000411
-0.75 0.784000001295
-0.72 0.784000003899
-0.69 0.784000011209
-0.66 0.78400003078
-0.63 0.784000080724
-0.6 0.784000202212
-0.57 0.784000483802
-0.54 0.784001105576
-0.51 0.784002413068
-0.48 0.784005030492
-0.45 0.784010016392
-0.42 0.784019048999
-0.39 0.78403460134
-0.36 0.78406003073
-0.33 0.784099475073
-0.3 0.784157439919
-0.27 0.784237999139
-0.24 0.784343633787
-0.21 0.784473888609
-0.18 0.784624189736
-0.15 0.784785266223
-0.12 0.784943576579
-0.09 0.78508292238
-0.06 0.785187073054
-0.03 0.785242846534
0.0 0.785242846534
0.03 0.785187073054
0.06 0.78508292238
0.09 0.784943576579
0.12 0.784785266223
0.15 0.784624189736
0.18 0.784473888609
0.21 0.784343633787
0.24 0.784237999139
0.27 0.784157439919
0.3 0.784099475073
0.33 0.78406003073
0.36 0.78403460134
0.39 0.784019048999
0.42 0.784010016392
0.45 0.784005030492
0.48 0.784002413068
0.51 0.784001105576
0.54 0.784000483802
0.57 0.784000202212
0.6 0.784000080724
0.63 0.78400003078
0.66 0.784000011209
0.69 0.784000003899
0.72 0.784000001295
0.75 0.784000000411
0.78 0.784000000125
0.81 0.784000000036
0.84 0.78400000001
0.87 0.784000000003
0.9 0.784000000001
0.93 0.784
0.96 0.784
0.99 0.784
1.02 0.784
1.05 0.784
1.08 0.784
1.11 0.784
1.14 0.784
1.17 0.784
1.2 0.784
1.23 0.784
1.26 0.784
1.29 0.784
1.32 0.784
1.35 0.784
1.38 0.784
1.41 0.784
1.44 0.784
1.47 0.784
1.5 0.784
-1.5 0.8
-1.47 0.8
-1.44 0.8
-1.41 0.8
-1.38 0.8
-1.35 0.8
-1.32 0.8
-1.29 0.8
-1.26 0.8
-1.23 0.8
-1.2 0.8
-1.17 0.8
-1.14 0.8
-1.11 0.8
-1.08 0.8
-1.05 0.8
-1.02 0.8
-0.99 0.8
-0.96 0.8
-0.93 0.8
-0.9 0.8
-0.87 0.8
-0.84 0.8
-0.81 0.8
-0.78 0.8
-0.75 0.8
-0.72 0.8
-0.69 0.8
-0.66 0.8
-0.63 0.8
-0.6 0.8
-0.57 0.8
-0.54 0.8
-0.51 0.8
-0.48 0.8
-0.45 0.8
-0.42 0.8
-0.39 0.8
-0.36 0.8
-0.33 0.8
-0.3 0.8
-0.27 0.8
-0.24 0.8
-0.21 0.8
-0.18 0.8
-0.15 0.8
-0.12 0.8
-0.09 0.8
-0.06 0.8
-0.03 0.8
0.0 0.8
0.03 0.8
0.06 0.8
0.09 0.8
0.12 0.8
0.15 0.8
0.18 0.8
0.21 0.8
0.24 0.8
0.27 0.8
0.3 0.8
0.33 0.8
0.36 0.8
0.39 0.8
0.42 0.8
0.45 0.8
0.48 0.8
0.51 0.8
0.54 0.8
0.57 0.8
0.6 0.8
0.63 0.8
0.66 0.8
0.69 0.8
0.72 0.8
0.75 0.8
0.78 0.8
0.81 0.8
0.84 0.8
0.87 0.8
0.9 0.8
0.93 0.8
0.96 0.8
0.99 0.8
1.02 0.8
1.05 0.8
1.08 0.8
1.11 0.8
1.14 0.8
1.17 0.8
1.2 0.8
1.23 0.8
1.26 0.8
1.29 0.8
1.32 0.8
1.35 0.8
1.38 0.8
1.41 0.8
1.44 0.8
1.47 0.8
1.5 0.8
