   2.7777777777800001E-003   84437.729598416816     
   8.3333333333300008E-003   84376.792167621912     
   1.3888888888900001E-002   84350.272708724224     
   1.9444444444450003E-002   84297.616233996087     
   2.5000000000000001E-002   84255.974548494909     
   3.0555555555550000E-002   84204.621458641428     
   3.6111111111099999E-002   84154.964503115407     
   4.1666666666650004E-002   84100.846065616657     
   4.7222222222200003E-002   84047.098541673840     
   5.2777777777800003E-002   83990.216440220684     
   5.8333333333350001E-002   83932.035488354508     
   6.3888888888900000E-002   83871.721970439656     
   6.9444444444449999E-002   83810.332599721907     
   7.4999999999999997E-002   83746.442480429032     
   8.0555555555549996E-002   83681.480169263770     
   8.6111111111099994E-002   83614.885546607649     
   9.1666666666649993E-002   83547.062446293159     
   9.7222222222200005E-002   83478.045877144905     
  0.10277777777800001        83407.962769745747     
  0.10833333333350001        83338.571694177997     
  0.11388888888900001        83267.510311882812     
  0.11944444444450000        83196.238953078544     
  0.12500000000000000        83124.654241834418     
  0.13055555555550000        83052.990943605706     
  0.13611111111099999        82981.475823406116     
  0.14166666666650002        82910.367521582113     
  0.14722222222199999        82840.011304654588     
  0.15277777777800000        82770.850607148197     
  0.15833333333350000        82703.346627740146     
  0.16388888888900000        82638.011942447774     
  0.16944444444450002        82575.190964291149     
  0.17499999999999999        82515.544678801976     
  0.18055555555550001        82459.116415566183     
  0.18611111111099998        82407.624520729369     
  0.19166666666650001        82358.852590024515     
  0.19722222222200000        82320.794986408408     
  0.20277777777799999        82280.672802593370     
  0.20833333333350001        82262.532413476307     
  0.21388888888899998        82247.541852527822     
  0.21944444444450001        82264.961893259009     
  0.22500000000000001        82315.649867647822     
  0.23055555555550000        82436.600317064716     
  0.23611111111100000        82611.183314514303     
  0.24166666666650000        82832.953067845330     
  0.24722222222199999        82840.781915247047     
  0.25277777777800003        82974.384345151397     
  0.25833333333350000        81475.474928367854     
  0.26388888888899997        82135.344246793495     
  0.26944444444450000        101325.00000000000     
  0.27500000000000002        101325.00000000000     
  0.28055555555549999        101325.00000000000     
  0.28611111111099996        101325.00000000000     
  0.29166666666649999        101325.00000000000     
  0.29722222222200001        101325.00000000000     
  0.30277777777799997        101325.00000000000     
  0.30833333333349999        101325.00000000000     
  0.31388888888900002        101325.00000000000     
  0.31944444444449999        101325.00000000000     
  0.32499999999999996        101325.00000000000     
  0.33055555555549998        101325.00000000000     
  0.33611111111100000        101325.00000000000     
  0.34166666666650003        101325.00000000000     
  0.34722222222200000        101325.00000000000     
  0.35277777777800001        101325.00000000000     
  0.35833333333350004        101325.00000000000     
  0.36388888888900001        101325.00000000000     
  0.36944444444449998        101325.00000000000     
  0.37500000000000000        101325.00000000000     
  0.38055555555550002        101325.00000000000     
  0.38611111111099999        101325.00000000000     
  0.39166666666649996        101325.00000000000     
  0.39722222222199999        101325.00000000000     
  0.40277777777800000        101325.00000000000     
  0.40833333333349997        101325.00000000000     
  0.41388888888900000        101325.00000000000     
  0.41944444444450002        101325.00000000000     
  0.42500000000000004        101325.00000000000     
  0.43055555555550001        101325.00000000000     
  0.43611111111099998        101325.00000000000     
  0.44166666666650001        101325.00000000000     
  0.44722222222200003        101325.00000000000     
  0.45277777777799999        101325.00000000000     
  0.45833333333350001        101325.00000000000     
  0.46388888888900004        101325.00000000000     
  0.46944444444450001        101325.00000000000     
  0.47499999999999998        101325.00000000000     
  0.48055555555550000        101325.00000000000     
  0.48611111111100003        101325.00000000000     
  0.49166666666650000        101325.00000000000     
  0.49722222222199997        101325.00000000000     
  0.50277777777800003        101325.00000000000     
  0.50833333333350006        101325.00000000000     
  0.51388888888900008        101325.00000000000     
  0.51944444444450000        101325.00000000000     
  0.52499999999999991        101325.00000000000     
  0.53055555555549994        101325.00000000000     
  0.53611111111099996        101325.00000000000     
  0.54166666666649999        101325.00000000000     
  0.54722222222200001        101325.00000000000     
  0.55277777777800008        101325.00000000000     
  0.55833333333349999        101325.00000000000     
  0.56388888888900002        101325.00000000000     
  0.56944444444450004        101325.00000000000     
  0.57499999999999996        101325.00000000000     
  0.58055555555549998        101325.00000000000     
  0.58611111111100000        101325.00000000000     
  0.59166666666650003        101325.00000000000     
  0.59722222222200005        101325.00000000000     
  0.60277777777800001        101325.00000000000     
  0.60833333333350004        101325.00000000000     
  0.61388888888899995        101325.00000000000     
  0.61944444444449998        101325.00000000000     
  0.62500000000000000        101325.00000000000     
  0.63055555555550002        101325.00000000000     
  0.63611111111100005        101325.00000000000     
  0.64166666666649996        101325.00000000000     
  0.64722222222199999        101325.00000000000     
  0.65277777777799995        101325.00000000000     
  0.65833333333349997        101325.00000000000     
  0.66388888888900000        101325.00000000000     
  0.66944444444450002        101325.00000000000     
  0.67500000000000004        101325.00000000000     
  0.68055555555549996        101325.00000000000     
  0.68611111111099998        101325.00000000000     
  0.69166666666650001        101325.00000000000     
  0.69722222222199992        101325.00000000000     
  0.70277777777799999        101325.00000000000     
  0.70833333333350001        101325.00000000000     
  0.71388888888900004        101325.00000000000     
  0.71944444444450006        101325.00000000000     
  0.72500000000000009        101325.00000000000     
  0.73055555555550000        101325.00000000000     
  0.73611111111099992        101325.00000000000     
  0.74166666666649994        101325.00000000000     
  0.74722222222199997        101325.00000000000     
  0.75277777777800003        101325.00000000000     
  0.75833333333350006        101325.00000000000     
  0.76388888888900008        101325.00000000000     
  0.76944444444450000        101325.00000000000     
  0.77499999999999991        101325.00000000000     
  0.78055555555549994        101325.00000000000     
  0.78611111111099996        101325.00000000000     
  0.79166666666649999        101325.00000000000     
  0.79722222222200001        101325.00000000000     
  0.80277777777800008        101325.00000000000     
  0.80833333333349999        101325.00000000000     
  0.81388888888900002        101325.00000000000     
  0.81944444444450004        101325.00000000000     
  0.82499999999999996        101325.00000000000     
  0.83055555555549998        101325.00000000000     
  0.83611111111100000        101325.00000000000     
  0.84166666666650003        101325.00000000000     
  0.84722222222200005        101325.00000000000     
  0.85277777777800001        101325.00000000000     
  0.85833333333350004        101325.00000000000     
  0.86388888888899995        101325.00000000000     
  0.86944444444449998        101325.00000000000     
  0.87500000000000000        101325.00000000000     
  0.88055555555550002        101325.00000000000     
  0.88611111111100005        101325.00000000000     
  0.89166666666649996        101325.00000000000     
  0.89722222222199999        101325.00000000000     
  0.90277777777799995        101325.00000000000     
  0.90833333333349997        101325.00000000000     
  0.91388888888900000        101325.00000000000     
  0.91944444444450002        101325.00000000000     
  0.92500000000000004        101325.00000000000     
  0.93055555555549996        101325.00000000000     
  0.93611111111099998        101325.00000000000     
  0.94166666666650001        101325.00000000000     
  0.94722222222199992        101325.00000000000     
  0.95277777777799999        101325.00000000000     
  0.95833333333350001        101325.00000000000     
  0.96388888888900004        101325.00000000000     
  0.96944444444450006        101325.00000000000     
  0.97500000000000009        101325.00000000000     
  0.98055555555550000        101325.00000000000     
  0.98611111111099992        101325.00000000000     
  0.99166666666649994        101325.00000000000     
  0.99722222222199997        101325.00000000000     
